t.p
29 260
62 266
173 250
179 256
186 288
158 317
175 358
192 330
194 316
267 327
275 312
274 309
264 265
281 224
269 152
296 158
297 159
302 154
327 154
337 120
351 120
370 87
367 83
367 59
380 39
377 33
376 31
end
29 260
30 260
31 260
32 260
33 260
34 261
35 261
36 261
37 261
38 261
34 260
33 259
39 262
33 261
34 262
40 262
35 263
35 262
35 260
41 262
36 263
36 262
36 260
42 262
37 263
37 262
39 261
37 259
37 260
43 262
38 263
38 262
40 261
38 259
38 260
44 263
39 264
39 263
39 260
45 263
40 265
40 264
40 263
40 260
46 263
41 265
41 264
41 263
41 260
41 261
47 263
42 265
42 264
42 263
44 262
42 260
42 261
48 263
43 265
43 264
43 263
45 262
43 260
43 261
49 264
44 266
44 265
44 264
44 260
44 261
50 264
45 266
45 265
45 264
49 263
45 259
45 260
45 261
51 264
46 267
46 266
46 265
46 264
51 263
46 258
50 263
46 259
46 260
46 261
46 262
52 264
47 267
47 266
47 265
47 264
52 263
47 258
47 259
47 260
47 261
47 262
53 264
48 268
48 267
48 266
48 265
48 264
54 263
48 257
53 263
48 258
48 259
48 260
48 261
48 262
54 265
49 269
49 268
49 267
49 266
49 265
55 264
49 258
54 264
49 259
49 260
49 261
49 262
55 265
50 269
50 268
50 267
50 266
50 265
56 264
50 258
50 259
50 260
50 261
50 262
56 265
51 269
51 268
51 267
51 266
51 265
57 264
51 258
51 259
51 260
51 261
51 262
57 265
52 269
52 268
52 267
52 266
52 265
58 264
52 258
52 259
52 260
52 261
52 262
58 265
53 269
53 268
53 267
53 266
53 265
59 264
53 258
53 259
53 260
53 261
53 262
59 266
54 271
54 270
54 269
54 268
54 267
54 266
60 265
54 259
59 265
54 260
54 261
54 262
60 266
55 271
55 270
55 269
55 268
55 267
55 266
61 265
55 259
55 260
55 261
55 262
55 263
61 266
56 271
56 270
56 269
56 268
56 267
56 266
62 265
56 259
56 260
56 261
56 262
56 263
62 266
57 271
57 270
57 269
57 268
57 267
57 266
63 265
57 259
57 260
57 261
57 262
57 263
63 267
58 271
58 270
58 269
58 268
58 267
58 266
64 265
58 259
58 260
58 261
58 262
58 263
64 266
59 272
59 271
59 270
59 269
59 268
59 267
65 266
59 260
59 261
63 266
59 262
59 263
65 265
60 272
60 271
60 270
60 269
60 268
60 267
66 266
60 260
60 261
60 262
60 263
60 264
67 264
61 272
61 271
61 270
61 269
61 268
61 267
67 266
61 260
61 261
61 262
61 263
61 264
62 272
62 271
62 270
62 269
62 268
62 267
68 266
62 260
62 261
62 262
62 263
62 264
68 264
63 272
63 271
63 270
63 269
63 268
68 267
63 262
67 267
63 263
66 267
63 264
65 267
64 267
69 264
64 271
64 270
64 269
64 268
69 266
64 261
64 262
64 263
64 264
70 264
65 270
65 269
65 268
70 265
65 260
69 265
65 261
68 265
65 262
67 265
65 263
66 265
65 264
71 264
67 268
66 264
67 260
67 261
67 262
67 263
72 263
73 263
68 262
68 263
74 263
69 263
75 263
76 263
77 263
78 263
79 263
80 262
81 262
82 262
83 262
84 262
85 262
86 262
87 261
88 261
89 261
90 261
91 261
92 261
93 261
94 260
95 260
96 260
97 260
98 260
99 260
100 260
101 260
102 259
103 259
104 259
105 259
106 259
107 259
108 259
109 258
110 258
111 258
112 258
113 258
114 258
115 258
116 257
117 257
118 257
119 257
120 257
121 257
122 257
123 257
124 256
125 256
126 256
127 256
128 256
129 256
130 256
131 255
132 255
133 255
134 255
135 255
136 255
137 255
138 254
139 254
140 254
141 254
142 254
143 254
144 254
145 254
146 253
147 253
148 253
149 253
150 253
151 253
152 253
153 252
154 252
155 252
156 252
157 252
158 252
159 252
160 252
161 251
162 251
163 251
164 251
165 251
166 251
167 251
168 250
169 250
170 250
171 250
172 250
173 250
174 251
175 252
176 253
177 254
178 255
179 256
173 251
174 250
180 257
174 252
175 251
180 258
175 253
176 252
180 259
176 254
177 253
181 260
177 255
178 254
181 261
181 256
179 258
180 256
179 257
181 262
182 257
181 257
181 263
182 258
180 260
181 258
182 264
183 259
180 262
182 259
180 261
181 259
179 259
182 265
184 260
183 260
182 260
182 266
184 261
181 264
183 261
182 261
182 267
184 262
181 265
183 262
182 262
182 268
184 263
181 266
183 263
182 263
179 263
180 263
183 269
185 264
184 264
183 264
179 264
180 264
183 270
185 265
184 265
183 265
179 265
180 265
183 271
185 266
182 269
184 266
183 266
180 266
183 272
185 267
182 270
184 267
183 267
180 267
181 267
183 273
185 268
182 271
184 268
183 268
180 268
181 268
184 274
186 269
185 269
184 269
181 269
184 275
186 270
185 270
184 270
181 270
184 276
186 271
183 274
185 271
184 271
181 271
184 277
186 272
183 275
185 272
184 272
181 272
182 272
184 278
186 273
183 276
185 273
184 273
181 273
182 273
185 279
187 274
186 274
185 274
182 274
185 280
187 275
186 275
185 275
182 275
185 281
187 276
184 279
186 276
185 276
182 276
185 282
187 277
184 280
186 277
185 277
182 277
183 277
186 283
187 278
184 281
186 278
185 278
181 278
182 278
183 278
186 284
188 279
187 279
186 279
183 279
186 285
188 280
185 283
187 280
186 280
182 280
183 280
186 286
188 281
185 284
187 281
186 281
182 281
183 281
186 287
188 282
185 285
187 282
186 282
182 282
183 282
184 282
186 288
189 283
188 283
187 283
183 283
184 283
186 289
189 284
188 284
187 284
183 284
184 284
185 290
189 285
188 285
187 285
184 285
184 291
189 286
188 286
187 286
184 286
185 286
183 292
189 287
186 290
188 287
187 287
184 287
185 287
182 293
184 288
185 288
188 288
187 288
181 294
184 289
185 289
188 289
186 291
187 289
180 295
183 290
184 290
188 290
185 293
187 290
185 292
185 291
179 296
182 291
183 291
184 293
184 292
178 297
181 292
182 292
186 292
183 295
183 294
183 293
177 298
180 293
181 293
182 295
182 294
176 299
179 294
180 294
181 296
181 295
175 300
178 295
179 295
180 297
180 296
174 301
177 296
178 296
179 298
179 297
173 302
176 297
177 297
178 299
178 298
172 303
175 298
176 298
177 300
177 299
171 304
174 299
175 299
176 301
176 300
170 305
173 300
174 300
175 302
175 301
169 306
172 301
173 301
174 303
174 302
168 307
171 302
172 302
176 302
173 305
173 304
173 303
167 308
170 303
171 303
172 305
172 304
165 310
169 304
170 304
171 306
171 305
168 305
169 305
170 307
170 306
164 311
167 306
168 306
169 308
169 307
163 312
166 307
167 307
168 309
168 308
162 313
165 308
166 308
170 308
167 311
167 310
167 309
161 314
163 310
164 310
165 309
168 310
165 313
165 312
166 310
165 311
160 315
159 316
162 311
164 309
163 311
164 314
166 311
164 313
164 312
158 317
161 312
162 312
166 312
163 315
163 314
163 313
158 318
160 313
161 313
162 316
162 315
162 314
158 319
159 314
160 314
161 317
161 316
161 315
158 320
158 315
159 315
160 318
160 317
160 316
159 321
157 316
158 316
159 319
159 318
159 317
159 322
155 317
158 314
156 317
157 317
160 323
155 318
156 318
157 318
160 324
160 319
158 321
155 319
156 319
157 319
161 325
159 320
156 320
157 320
161 326
161 327
162 328
162 329
163 330
163 331
164 332
164 333
164 334
165 335
165 336
166 337
166 338
167 339
167 340
167 341
168 342
168 343
169 344
169 345
170 346
170 347
170 348
171 349
171 350
172 351
172 352
173 353
173 354
173 355
174 356
174 357
175 358
176 359
177 358
177 357
178 356
178 355
179 354
179 353
180 352
180 351
181 350
181 349
182 348
182 347
183 346
183 345
184 344
185 343
185 342
186 341
182 346
186 340
181 345
183 343
182 345
183 344
187 339
182 344
184 342
184 343
187 338
185 341
188 337
183 342
185 340
188 336
184 341
186 339
189 335
184 340
186 338
189 334
185 339
187 337
190 333
185 338
187 336
190 332
186 337
188 335
191 331
186 336
188 334
192 330
187 335
189 333
192 329
187 334
189 332
192 328
188 333
190 331
192 327
193 326
193 325
193 324
193 323
193 322
194 321
194 320
194 319
194 318
194 317
194 316
195 315
196 315
197 315
198 315
199 316
200 316
201 316
196 314
202 316
197 314
203 316
198 313
198 314
204 316
199 317
197 316
199 314
198 316
199 315
205 317
200 318
200 317
200 314
200 315
207 317
201 318
201 317
201 314
201 315
205 316
202 319
202 318
202 317
202 314
202 315
208 317
207 316
203 320
206 316
203 319
203 318
203 317
203 314
203 315
209 317
209 316
204 321
208 316
204 320
204 319
204 318
204 317
204 314
204 315
210 317
211 317
205 323
205 322
205 321
205 320
205 319
206 317
205 318
205 315
211 318
213 317
207 323
212 317
207 322
207 321
207 320
207 319
207 318
207 314
207 315
212 318
213 318
214 317
208 323
208 322
208 321
208 320
208 319
208 318
208 314
208 315
214 318
215 317
209 323
209 322
209 321
209 320
209 319
209 318
209 315
215 318
216 317
210 323
210 322
210 321
210 320
210 319
210 318
210 315
210 316
216 318
217 318
211 324
211 323
211 322
211 321
211 320
211 319
211 316
217 319
218 318
212 324
212 323
212 322
212 321
212 320
212 319
212 316
218 319
219 318
213 324
213 323
213 322
213 321
213 320
213 319
213 316
219 319
220 318
214 324
214 323
214 322
214 321
214 320
214 319
214 316
220 319
221 318
215 324
215 323
215 322
215 321
215 320
215 319
215 316
221 319
222 318
216 324
216 323
216 322
216 321
216 320
216 319
216 316
222 319
223 319
217 325
217 324
217 323
217 322
217 321
217 320
217 317
223 320
224 319
218 325
218 324
218 323
218 322
218 321
218 320
218 317
224 320
225 319
219 325
219 324
219 323
219 322
219 321
219 320
219 317
225 320
226 319
220 325
220 324
220 323
220 322
220 321
220 320
220 317
226 320
227 319
221 325
221 324
221 323
221 322
221 321
221 320
221 316
221 317
227 320
228 319
222 325
222 324
222 323
222 322
222 321
222 320
222 317
228 320
229 320
223 326
223 325
223 324
223 323
223 322
223 321
223 318
229 321
230 320
224 326
224 325
224 324
224 323
224 322
224 321
224 318
230 321
231 320
225 326
225 325
225 324
225 323
225 322
225 321
225 318
231 321
232 320
226 326
226 325
226 324
226 323
226 322
226 321
226 318
232 321
233 320
227 326
227 325
227 324
227 323
227 322
227 321
227 317
227 318
233 321
234 320
228 326
228 325
228 324
228 323
228 322
228 321
228 317
228 318
234 321
235 321
229 327
229 326
229 325
229 324
229 323
229 322
229 318
229 319
235 322
236 321
230 327
230 326
230 325
230 324
230 323
230 322
230 319
236 322
237 321
231 327
231 326
231 325
231 324
231 323
231 322
231 319
237 322
238 321
232 327
232 326
232 325
232 324
232 323
232 322
232 318
232 319
238 322
239 321
233 327
233 326
233 325
233 324
233 323
233 322
233 318
233 319
239 322
240 321
234 327
234 326
234 325
234 324
234 323
234 322
234 319
240 322
241 322
235 328
235 327
235 326
235 325
235 324
235 323
235 320
241 323
242 322
236 328
236 327
236 326
236 325
236 324
236 323
236 320
242 323
243 322
237 328
237 327
237 326
237 325
237 324
237 323
237 320
243 323
244 322
238 328
238 327
238 326
238 325
238 324
238 323
238 320
244 323
245 322
239 328
239 327
239 326
239 325
239 324
239 323
239 320
245 323
246 322
240 328
240 327
240 326
240 325
240 324
240 323
240 320
246 323
247 323
241 329
241 328
241 327
241 326
241 325
241 324
241 321
247 324
248 323
242 329
242 328
242 327
242 326
242 325
242 324
242 321
248 324
249 323
243 329
243 328
243 327
243 326
243 325
243 324
243 320
243 321
249 324
250 323
244 329
244 328
244 327
244 326
244 325
244 324
244 320
244 321
250 324
251 323
245 329
245 328
245 327
245 326
245 325
245 324
245 320
245 321
251 324
252 323
246 329
246 328
246 327
246 326
246 325
246 324
246 320
246 321
252 324
253 324
247 330
247 329
247 328
247 327
247 326
247 325
247 321
247 322
253 325
254 324
248 330
248 329
248 328
248 327
248 326
248 325
248 321
248 322
254 325
255 324
249 330
249 329
249 328
249 327
249 326
249 325
249 321
249 322
255 325
256 324
250 330
250 329
250 328
250 327
250 326
250 325
250 321
250 322
256 325
257 324
251 330
251 329
251 328
251 327
251 326
251 325
251 321
251 322
257 325
258 324
252 330
252 329
252 328
252 327
252 326
252 325
252 321
252 322
258 325
259 325
253 331
253 330
253 329
253 328
253 327
253 326
253 322
253 323
259 326
260 325
254 331
254 330
254 329
254 328
254 327
254 326
254 322
254 323
260 326
261 325
255 331
255 330
255 329
255 328
255 327
255 326
255 322
255 323
261 326
262 325
256 331
256 330
256 329
256 328
256 327
256 326
256 322
256 323
262 326
263 325
257 331
257 330
257 329
257 328
257 327
257 326
257 322
257 323
263 326
264 325
258 331
258 330
258 329
258 328
258 327
258 326
258 322
258 323
264 326
265 326
259 332
259 331
259 330
259 329
259 328
259 327
259 323
259 324
265 327
266 326
260 332
260 331
260 330
260 329
260 328
260 327
260 323
260 324
266 327
267 326
261 332
261 331
261 330
261 329
261 328
261 327
261 323
261 324
267 327
268 326
262 332
262 331
262 330
262 329
262 328
262 327
262 323
262 324
268 327
269 326
263 332
263 331
263 330
263 329
263 328
263 327
263 323
263 324
270 326
264 332
264 331
264 330
264 329
264 328
264 327
264 323
264 324
269 325
271 327
265 333
270 327
265 332
269 327
265 331
265 330
265 329
265 328
265 324
265 325
270 324
272 327
266 333
266 332
266 331
266 330
266 329
266 328
266 324
266 325
270 323
273 327
267 333
267 332
267 331
267 330
267 329
267 328
267 323
267 324
267 325
271 322
268 332
268 331
268 330
268 329
268 328
268 323
268 324
268 325
271 321
274 326
269 331
273 326
269 330
272 326
269 329
271 326
269 328
269 321
269 322
269 323
269 324
272 320
274 325
273 325
272 325
271 325
270 325
269 320
272 319
275 324
270 329
274 324
270 328
273 324
272 324
271 324
270 319
270 320
270 321
270 322
272 318
275 323
274 323
273 323
272 323
271 323
265 323
270 318
266 323
273 317
277 322
271 328
276 322
275 322
274 322
273 322
272 322
265 322
271 316
266 322
271 317
267 322
271 318
268 322
271 319
271 320
273 316
277 321
276 321
275 321
274 321
273 321
272 321
265 321
271 315
266 321
267 321
268 321
274 315
278 320
277 320
276 320
275 320
274 320
273 320
266 320
272 314
267 320
272 315
268 320
272 316
272 317
274 314
278 319
277 319
276 319
275 319
274 319
273 319
266 319
272 313
267 319
268 319
269 319
275 313
278 318
277 318
276 318
275 318
274 318
273 318
266 318
272 312
267 318
268 318
269 318
275 312
279 317
278 317
277 317
276 317
275 317
274 317
268 317
273 312
269 317
273 313
270 317
273 314
273 315
275 311
279 316
278 316
277 316
276 316
275 316
274 316
268 316
273 311
269 316
270 316
275 310
280 315
279 315
278 315
277 315
276 315
275 315
268 315
274 309
269 315
274 310
270 315
274 311
274 312
274 313
280 314
279 314
278 314
277 314
276 314
275 314
268 314
274 308
269 314
270 314
271 314
281 313
280 313
279 313
278 313
277 313
276 313
269 313
275 307
270 313
275 308
271 313
275 309
274 307
279 312
278 312
277 312
276 312
269 312
275 306
270 312
271 312
274 306
278 311
277 311
276 311
269 311
275 305
270 311
271 311
272 311
273 305
278 310
277 310
276 310
269 310
275 304
270 310
271 310
272 310
273 310
273 304
277 309
276 309
268 309
274 303
269 309
274 304
270 309
274 305
271 309
272 309
273 309
273 303
277 308
276 308
268 308
274 302
269 308
270 308
271 308
272 308
273 308
273 302
277 307
276 307
268 307
274 301
269 307
270 307
271 307
272 307
273 307
272 301
276 306
269 306
270 306
271 306
272 306
273 306
272 300
269 305
273 301
270 305
271 305
272 305
272 299
270 304
271 304
272 304
272 298
271 303
272 303
271 297
272 302
271 296
271 295
271 294
270 293
270 292
270 291
270 290
269 289
269 288
269 287
269 286
268 285
268 284
268 283
268 282
267 281
267 280
267 279
267 278
266 277
266 276
266 275
266 274
265 273
265 272
265 271
265 270
264 269
264 268
264 267
264 266
264 265
264 264
264 263
265 262
265 261
265 260
265 265
266 259
265 264
266 258
265 263
267 257
267 256
268 255
268 254
268 253
269 252
269 251
270 250
270 249
271 248
271 247
272 246
272 245
272 244
273 243
273 242
274 241
274 240
275 239
275 238
275 237
276 236
276 235
277 234
277 233
278 232
278 231
278 230
279 229
279 228
280 227
280 226
281 225
281 224
280 223
279 222
278 221
277 220
276 220
275 219
274 218
280 222
279 221
273 217
278 220
272 217
277 219
271 216
275 220
276 221
276 219
270 215
274 219
275 218
269 214
272 218
274 220
273 218
274 217
271 217
273 219
273 216
269 213
270 217
272 219
272 216
269 212
269 216
271 218
270 216
271 214
271 215
269 211
268 215
269 215
272 215
270 213
270 214
269 210
267 214
268 214
272 214
269 209
269 208
267 213
268 213
272 213
271 213
269 207
267 212
268 212
272 212
271 212
270 212
269 206
267 211
268 211
272 211
271 211
270 211
269 205
267 210
268 210
272 210
271 210
270 210
269 204
267 209
268 209
272 209
271 209
270 209
269 203
267 208
268 208
272 208
271 208
270 208
269 202
267 207
268 207
272 207
271 207
270 207
269 201
267 206
268 206
272 206
271 206
270 206
269 200
267 205
268 205
272 205
271 205
270 205
269 199
267 204
268 204
272 204
271 204
270 204
269 198
267 203
268 203
272 203
271 203
270 203
269 197
267 202
268 202
272 202
271 202
270 202
269 196
267 201
268 201
272 201
271 201
270 201
269 195
267 200
268 200
272 200
271 200
270 200
269 194
267 199
268 199
272 199
271 199
270 199
269 193
267 198
268 198
272 198
271 198
270 198
269 192
267 197
268 197
272 197
271 197
270 197
269 191
267 196
268 196
273 196
272 196
271 196
270 196
269 190
267 195
268 195
273 195
272 195
271 195
270 195
269 189
267 194
268 194
272 194
271 194
270 194
269 188
267 193
268 193
272 193
271 193
270 193
269 187
267 192
268 192
272 192
271 192
270 192
269 186
267 191
268 191
272 191
271 191
270 191
269 185
267 190
268 190
272 190
271 190
270 190
269 184
267 189
268 189
272 189
271 189
270 189
269 183
267 188
268 188
272 188
271 188
270 188
269 182
266 187
267 187
268 187
273 187
272 187
271 187
270 187
269 181
267 186
268 186
272 186
271 186
270 186
269 180
267 185
268 185
272 185
271 185
270 185
269 179
267 184
268 184
272 184
271 184
270 184
269 178
267 183
268 183
272 183
271 183
270 183
269 177
267 182
268 182
273 182
272 182
271 182
270 182
269 176
267 181
268 181
273 181
272 181
271 181
270 181
269 175
267 180
268 180
273 180
272 180
271 180
270 180
269 174
267 179
268 179
272 179
271 179
270 179
269 173
267 178
268 178
272 178
271 178
270 178
269 172
267 177
268 177
272 177
271 177
270 177
269 171
267 176
268 176
272 176
271 176
270 176
269 170
267 175
268 175
272 175
271 175
270 175
269 169
267 174
268 174
272 174
271 174
270 174
269 168
267 173
268 173
272 173
271 173
270 173
269 167
267 172
268 172
272 172
271 172
270 172
269 166
267 171
268 171
272 171
271 171
270 171
269 165
267 170
268 170
273 170
272 170
271 170
270 170
269 164
267 169
268 169
273 169
272 169
271 169
270 169
269 163
266 168
267 168
268 168
273 168
272 168
271 168
270 168
269 162
267 167
268 167
273 167
272 167
271 167
270 167
269 161
267 166
268 166
273 166
272 166
271 166
270 166
269 160
267 165
268 165
273 165
272 165
271 165
270 165
269 159
267 164
268 164
273 164
272 164
271 164
270 164
269 158
267 163
268 163
273 163
272 163
271 163
270 163
269 157
267 162
268 162
273 162
272 162
271 162
270 162
269 156
267 161
268 161
273 161
272 161
271 161
270 161
269 155
267 160
268 160
273 160
272 160
271 160
270 160
269 154
267 159
268 159
273 159
272 159
271 159
270 159
269 153
267 158
268 158
273 158
272 158
271 158
270 158
269 152
267 157
268 157
273 157
272 157
271 157
270 157
270 151
267 156
268 156
273 156
272 156
271 156
270 156
271 151
267 155
268 155
273 155
269 151
272 155
271 155
270 155
272 151
267 154
268 154
273 154
269 150
272 154
271 154
270 154
273 151
267 153
268 153
273 153
269 149
272 153
271 153
270 153
274 152
267 152
268 152
271 152
270 152
275 152
270 150
276 152
277 153
278 153
279 153
280 154
281 154
282 154
283 154
284 155
285 155
286 155
287 156
288 156
289 156
290 157
291 157
292 157
293 158
294 158
295 158
296 158
297 159
298 158
299 157
300 156
301 155
302 154
296 159
297 160
298 159
297 158
303 153
304 153
305 153
307 153
308 153
309 153
310 153
311 153
312 153
313 153
314 153
315 153
316 153
317 153
318 153
319 153
320 153
315 152
321 153
316 152
322 153
317 152
323 153
318 152
324 154
319 152
325 154
320 152
326 154
321 152
327 154
322 152
328 153
323 152
328 152
323 154
324 153
328 151
329 150
329 149
328 154
327 153
329 148
329 153
329 147
329 152
330 146
329 151
328 150
330 145
330 150
330 144
330 149
331 143
330 148
331 142
330 147
329 146
331 141
331 146
331 140
331 145
332 139
331 144
330 143
332 138
332 143
332 137
332 142
333 136
332 141
333 135
332 140
331 139
333 134
333 139
333 133
331 138
334 138
332 136
333 138
334 132
331 137
335 137
332 134
334 137
332 135
333 137
334 131
336 136
335 136
334 136
334 130
336 135
333 132
335 135
334 135
335 129
336 134
333 131
335 134
334 134
335 128
332 133
336 133
333 130
335 133
334 133
335 127
337 132
334 129
336 132
335 132
335 126
337 131
334 128
336 131
335 131
336 125
337 130
334 127
336 130
335 130
336 124
338 129
337 129
336 129
336 123
338 128
335 125
337 128
336 128
337 122
338 127
335 124
337 127
336 127
337 121
334 126
338 126
335 123
337 126
336 126
337 120
339 125
336 122
338 125
337 125
338 119
339 124
336 121
338 124
337 124
339 120
338 123
337 123
340 120
339 122
338 122
341 120
338 121
342 120
335 120
337 118
336 120
337 119
343 120
336 119
338 117
338 118
344 120
339 118
338 120
339 119
345 120
340 118
340 119
346 120
341 118
341 119
347 120
342 118
342 119
348 120
343 118
343 119
349 120
344 118
344 119
350 120
345 118
345 119
351 120
346 118
346 119
352 119
347 118
347 119
353 118
348 118
348 119
353 117
349 118
349 119
354 116
350 119
354 115
351 122
351 121
355 114
353 119
352 118
352 122
352 121
351 119
352 120
355 113
354 118
350 118
353 121
351 118
353 120
356 112
354 117
353 116
350 117
351 117
352 117
357 111
355 116
351 116
354 119
352 116
357 110
355 115
354 114
351 115
352 115
353 115
358 109
356 114
352 114
355 117
353 114
358 108
356 113
355 112
352 113
353 113
354 113
359 107
357 112
356 111
353 112
356 115
354 112
359 106
358 111
354 111
357 114
355 111
357 113
360 105
358 110
357 109
354 110
355 110
356 110
361 104
359 109
355 109
358 112
356 109
361 103
359 108
358 107
355 108
356 108
357 108
362 102
360 107
357 107
362 101
360 106
359 105
357 106
358 106
363 100
361 105
360 104
358 105
363 99
362 104
359 104
361 106
364 98
362 103
361 102
359 103
360 103
365 97
363 102
360 102
365 96
363 101
362 100
360 101
361 101
366 95
364 100
361 100
366 94
364 99
363 98
361 99
362 99
367 93
365 98
364 97
362 98
367 92
366 97
363 97
365 99
368 91
366 96
365 95
363 96
364 96
368 90
367 95
364 95
369 89
367 94
366 93
364 94
365 94
370 88
368 93
365 93
370 87
368 92
367 91
365 92
366 92
370 86
369 91
366 91
369 85
367 90
368 84
367 83
367 82
371 87
369 87
367 81
371 86
369 86
370 85
367 80
368 85
369 84
367 79
367 84
368 83
367 78
365 83
366 83
367 77
368 82
365 82
366 82
367 76
368 81
365 81
366 81
367 75
368 80
365 80
366 80
367 74
368 79
365 79
366 79
367 73
368 78
365 78
366 78
367 72
368 77
365 77
366 77
367 71
368 76
365 76
366 76
367 70
368 75
365 75
366 75
367 69
368 74
365 74
366 74
367 68
368 73
365 73
366 73
367 67
368 72
365 72
366 72
367 66
368 71
365 71
366 71
367 65
368 70
365 70
366 70
367 64
368 69
365 69
366 69
367 63
368 68
365 68
366 68
367 62
368 67
365 67
366 67
367 61
368 66
365 66
366 66
367 60
368 65
365 65
366 65
367 59
368 64
365 64
366 64
367 58
368 63
365 63
366 63
368 57
368 62
365 62
366 62
368 56
366 61
369 55
370 54
368 59
370 53
368 58
366 58
367 57
371 52
369 57
372 51
369 56
367 56
368 55
372 50
370 55
369 54
373 49
371 54
373 48
371 53
369 53
370 52
374 47
372 52
371 51
375 46
373 51
375 45
373 50
371 50
372 49
376 44
374 49
377 43
374 48
372 48
373 47
377 42
375 47
374 46
378 41
376 46
379 40
376 45
374 45
375 44
380 39
377 44
376 43
380 38
378 43
379 37
378 42
376 42
377 41
379 36
379 41
378 40
378 35
378 34
381 39
380 40
377 33
381 38
377 32
380 37
379 38
380 36
379 35
378 36
379 34
