a
161
126
147
123
113
53
156
89
109
133
174
144
148
68
147
90
135
106
106
119
113
143
146
120
180
d
-1
1
1
1
-1
-1
-1
1
-1
-1
1
1
-1
1
1
-1
1
-1
1
-1
-1
1
1
-1
0
l
34
112
8
33
40
44
33
14
74
17
3
45
44
73
28
1
7
25
35
14
38
5
24
24
7
2
inc
14
23
12
37
9
17
19
0
83
11
0
17
7
74
31
2
1
4
22
12
26
5
5
14
5
w
0
0
0
0
0
1
2
3
3
4
4
4
5
5
5
5
6
7
9
9
11
11
11
11
11
11
12
12
12
12
12
12
12
12
12
10
10
10
8
6
4
2
0
0
0
0
0
0
0
0
0
0
0
0
0
0
0
0
0
0
0
0
0
0
0
0
0
0
0
0
0
0
0
0
0
0
0
0
0
0
0
0
0
0
0
0
0
0
0
0
0
0
0
0
0
0
0
0
0
0
0
0
0
0
0
0
0
0
0
0
0
0
0
0
0
0
0
0
0
0
0
0
0
0
0
0
0
0
0
0
0
0
0
0
0
0
0
0
0
0
0
0
0
0
0
0
1
1
1
1
1
2
3
3
4
4
4
4
5
6
6
5
5
5
5
5
5
5
5
5
5
5
5
6
5
6
6
6
6
6
5
5
5
4
4
5
4
5
4
4
4
4
4
4
4
4
4
5
4
4
4
4
4
5
5
5
5
5
5
5
5
5
5
5
5
3
1
0
0
0
0
0
0
0
0
0
0
0
0
0
0
0
0
0
0
0
0
0
0
0
0
0
0
0
0
0
0
0
0
0
0
0
0
0
0
0
0
0
0
0
0
0
0
0
0
0
0
1
2
2
2
2
2
2
2
2
2
2
2
2
2
1
0
0
0
0
0
0
0
0
0
0
0
0
0
0
0
0
0
1
1
2
3
4
4
5
6
7
8
9
9
9
8
8
8
8
8
8
8
8
8
8
8
8
9
8
8
8
8
8
9
9
9
8
8
9
9
8
8
8
8
8
8
8
8
8
9
9
9
9
9
9
9
9
9
9
9
9
9
9
9
9
9
9
9
9
9
9
9
9
10
9
10
10
10
10
12
12
12
12
12
11
11
12
12
12
10
9
9
9
9
9
7
5
3
2
1
0
0
0
0
0
0
0
0
0
0
0
0
0
0
0
0
0
0
0
0
0
0
0
0
0
0
0
0
0
0
0
0
0
0
0
0
1
1
1
0
0
0
0
0
0
0
0
0
0
0
0
0
0
0
0
0
0
0
0
0
0
0
0
0
0
0
0
0
0
0
0
0
0
0
0
0
0
0
0
1
1
1
2
2
3
3
3
4
4
5
5
5
5
5
5
5
5
5
5
5
5
5
5
5
5
5
5
5
6
6
5
5
5
5
5
5
5
7
5
5
5
5
6
6
6
5
5
5
5
5
5
5
5
5
6
6
7
6
6
6
6
6
6
6
6
6
6
6
6
6
6
6
4
2
0
0
0
0
0
0
0
0
0
0
0
0
0
0
0
0
0
0
0
0
0
0
0
0
0
0
2
0
0
0
0
0
0
0
0
0
0
0
0
0
0
0
0
0
1
1
1
1
1
1
1
1
1
1
0
0
1
1
1
1
1
1
1
1
1
1
1
1
1
1
1
2
3
4
4
4
4
4
4
4
4
4
4
4
4
4
4
2
2
1
2
2
2
2
2
2
2
2
2
2
2
2
2
1
2
4
4
4
4
4
4
4
4
4
4
4
4
3
3
3
3
3
3
3
3
3
3
3
3
3
3
3
3
3
1
0
0
2
2
2
2
3
3
3
3
3
3
3
3
3
3
3
3
3
3
3
3
3
3
3
3
3
3
1
0
1
2
2
2
2
2
2
2
2
2
2
2
2
2
2
2
2
2
2
0
1
1
1
1
1
1
1
1
c
0
0
12
0
2
4
5
0
0
0
10
10
9
1
0
4
0
2
0
1
2
2
2
3
1
1
1
