c.p
42 37
49 27
51 28
111 82
139 96
140 97
161 101
229 76
231 77
233 79
263 96
293 118
end
42 37
42 37
43 36
43 35
44 34
45 33
45 32
46 31
47 30
47 29
48 28
49 27
50 27
51 28
52 29
53 30
54 31
55 31
56 32
57 33
58 34
59 35
60 36
61 37
62 38
63 39
64 40
65 41
66 41
67 42
68 43
69 44
70 45
71 46
72 47
73 48
74 49
75 50
76 50
77 51
78 52
79 53
80 54
81 55
82 56
83 57
84 58
85 59
86 59
87 60
88 61
89 62
90 63
91 64
92 65
93 66
94 67
95 68
96 68
97 69
98 70
99 71
100 72
101 73
102 74
103 75
104 76
105 77
106 78
107 78
108 79
109 80
110 81
111 82
112 83
113 84
114 84
115 84
116 85
117 85
118 86
119 86
120 87
121 87
122 88
123 88
124 89
125 89
126 90
127 90
128 91
129 91
130 92
131 92
132 93
133 93
134 94
135 94
136 95
137 95
138 96
139 96
140 97
141 97
142 97
143 97
144 97
145 98
146 98
147 98
148 98
149 98
150 99
151 99
152 99
153 99
154 99
155 100
156 100
157 100
158 100
159 100
160 100
161 101
162 101
163 100
164 100
165 100
166 99
167 99
168 99
169 98
170 98
171 97
172 97
173 97
174 96
175 96
176 96
177 95
178 95
179 94
180 94
181 94
182 93
183 93
184 93
185 92
186 92
187 91
188 91
189 91
190 90
191 90
192 90
193 89
194 89
195 88
196 88
197 88
198 87
199 87
200 87
201 86
202 86
203 85
204 85
205 85
206 84
207 84
208 84
209 83
210 83
211 83
212 82
213 82
214 81
215 81
216 81
217 80
218 80
219 80
220 79
221 79
222 78
223 78
224 78
225 77
226 77
227 77
228 76
229 76
230 76
231 77
232 78
233 79
234 79
235 79
236 80
237 80
238 81
239 82
240 82
241 83
242 83
243 84
244 85
245 85
246 86
247 86
248 87
249 87
250 88
251 89
252 89
253 90
254 90
255 91
256 92
257 92
258 93
259 93
260 94
261 95
262 95
263 96
264 97
265 97
266 98
267 99
268 100
269 100
270 101
271 102
272 103
273 103
274 104
275 105
276 106
277 106
278 107
279 108
280 109
281 109
282 110
283 111
284 112
285 112
286 113
287 114
288 115
289 115
290 116
291 117
292 118
