t.p
18 224
31 198
39 188
92 200
95 260
164 243
183 219
187 208
165 124
166 118
229 162
230 163
260 169
261 170
266 167
236 88
307 122
312 115
316 111
332 89
391 310
end
18 224
18 223
19 223
19 222
19 221
20 221
20 220
20 219
21 219
21 218
21 217
21 221
20 222
22 217
21 220
19 220
22 216
19 219
20 218
22 215
22 219
23 215
22 218
23 214
20 217
21 216
23 213
23 217
23 212
23 216
24 212
21 215
22 214
24 211
24 215
24 210
24 214
25 210
24 213
22 213
25 209
22 212
23 211
25 208
25 212
26 208
25 211
26 207
23 210
24 209
26 206
26 210
27 205
26 209
27 204
24 208
25 207
27 203
27 208
28 203
27 207
28 202
27 206
25 206
26 205
28 201
28 205
29 201
28 204
26 204
29 200
26 203
27 202
29 199
29 203
30 199
29 202
30 198
27 201
28 200
31 198
30 201
31 197
30 200
31 196
28 199
29 198
32 196
31 199
32 195
30 197
32 194
31 200
32 198
33 194
32 197
33 193
30 196
31 195
33 192
33 196
34 192
33 195
34 191
31 194
32 193
35 191
34 194
35 190
34 193
35 189
32 192
33 191
36 189
35 192
37 189
34 190
37 188
36 191
38 188
36 190
39 188
34 189
35 188
39 187
36 188
40 187
37 190
38 189
41 187
37 187
42 187
38 187
43 187
40 188
39 189
44 186
39 186
45 186
40 186
46 186
41 186
41 189
41 188
47 186
42 186
44 187
42 189
42 188
48 186
43 186
45 187
43 189
43 188
49 186
44 185
44 188
50 186
45 185
45 188
51 186
46 185
46 188
46 187
52 186
47 185
47 188
47 187
53 186
48 185
48 189
48 188
48 187
54 186
49 185
49 190
49 189
49 188
49 187
54 187
50 185
50 190
50 189
50 188
50 187
55 187
51 185
55 186
51 190
51 189
51 188
51 187
56 187
52 185
56 186
52 190
52 189
52 188
52 187
57 187
53 184
53 185
57 186
53 190
53 189
53 188
53 187
58 187
54 184
54 185
58 186
54 190
54 189
54 188
59 187
54 191
60 187
55 184
55 185
55 191
55 190
55 189
55 188
61 187
56 184
56 185
56 191
56 190
56 189
56 188
62 187
57 184
57 185
57 191
57 190
57 189
57 188
63 188
58 184
58 185
58 191
58 190
58 189
58 188
64 188
59 184
59 185
59 186
63 187
59 191
59 190
59 189
59 188
65 188
60 184
60 185
60 186
64 187
60 191
60 190
60 189
60 188
66 188
61 184
61 185
61 186
65 187
61 191
61 190
61 189
61 188
67 188
62 183
62 184
62 185
62 186
66 187
62 191
62 190
62 189
62 188
68 188
63 184
63 185
63 186
63 192
63 191
63 190
63 189
68 189
64 184
64 185
64 186
64 192
64 191
64 190
64 189
69 189
65 184
65 185
65 186
69 188
65 192
65 191
65 190
65 189
70 189
66 184
66 185
66 186
70 188
66 192
66 191
66 190
66 189
71 189
67 184
67 185
67 186
67 187
71 188
67 192
67 191
67 190
67 189
72 189
68 184
68 185
68 186
68 187
72 188
68 192
68 191
68 190
72 190
68 193
73 190
69 185
69 186
69 187
73 189
69 193
69 192
69 191
69 190
74 190
70 185
70 186
70 187
74 189
70 193
70 192
70 191
70 190
75 190
71 185
71 186
71 187
75 189
71 193
71 192
71 191
71 190
76 191
72 185
72 186
72 187
76 189
72 193
72 192
72 191
77 191
76 190
72 194
78 191
73 186
73 187
73 188
77 190
73 194
73 193
73 192
73 191
79 192
74 186
74 187
74 188
78 190
74 194
74 193
74 192
74 191
80 192
75 186
75 187
75 188
79 190
75 194
75 193
75 192
75 191
81 192
76 187
76 188
80 191
76 195
79 191
76 194
76 193
76 192
81 193
77 187
77 188
77 189
81 191
77 195
77 194
77 193
77 192
82 193
78 187
78 188
78 189
82 191
78 195
78 194
78 193
78 192
83 193
79 188
79 189
83 192
79 196
82 192
79 195
79 194
79 193
83 194
80 188
80 189
80 190
84 192
80 196
80 195
80 194
80 193
84 194
81 188
81 189
81 190
85 192
81 196
81 195
81 194
85 194
85 193
81 197
84 193
85 195
82 189
82 190
86 193
82 197
82 196
82 195
82 194
86 195
83 189
83 190
83 191
87 193
83 197
83 196
83 195
87 195
87 194
83 198
86 194
87 196
84 190
84 191
88 194
84 198
84 197
84 196
84 195
88 196
85 190
85 191
89 194
85 198
85 197
85 196
88 197
89 195
85 199
88 195
89 197
86 191
86 192
90 195
86 199
86 198
86 197
86 196
90 198
87 191
87 192
91 195
87 199
87 198
87 197
91 199
91 196
87 200
90 196
89 196
92 200
88 192
88 193
92 196
88 200
88 199
88 198
92 201
92 197
88 201
91 197
90 197
93 201
89 193
93 197
89 201
89 200
89 199
89 198
93 202
90 194
94 198
90 202
93 198
90 201
92 198
90 200
91 198
90 199
93 203
95 199
91 203
94 199
91 202
93 199
91 201
92 199
91 200
94 203
92 204
92 203
92 202
96 200
95 200
94 200
93 200
94 204
92 205
96 201
95 201
94 201
94 205
93 205
93 204
97 201
94 206
89 202
93 206
97 202
96 202
95 202
94 202
94 207
89 203
93 207
90 203
97 203
96 203
95 203
94 208
98 203
95 208
90 204
91 204
98 204
97 204
96 204
95 204
95 209
90 205
94 209
91 205
98 205
97 205
96 205
95 205
95 210
90 206
94 210
91 206
92 206
98 206
97 206
96 206
95 206
95 211
90 207
94 211
91 207
92 207
98 207
97 207
96 207
95 207
95 212
90 208
94 212
91 208
92 208
93 208
98 208
97 208
96 208
95 213
99 208
95 214
91 209
92 209
93 209
99 209
98 209
97 209
96 209
95 215
91 210
92 210
93 210
99 210
98 210
97 210
96 210
95 216
91 211
92 211
93 211
99 211
98 211
97 211
96 211
95 217
91 212
92 212
93 212
99 212
98 212
97 212
96 212
94 217
91 213
92 213
93 213
94 213
99 213
98 213
97 213
96 213
94 218
91 214
95 218
92 214
93 214
94 214
99 214
98 214
97 214
96 214
94 219
91 215
95 219
92 215
93 215
94 215
99 215
98 215
97 215
96 215
94 220
91 216
95 220
92 216
93 216
94 216
99 216
98 216
97 216
96 216
94 221
91 217
95 221
92 217
93 217
99 217
98 217
97 217
96 217
94 222
90 217
94 223
90 218
91 218
92 218
93 218
98 218
97 218
96 218
94 224
90 219
91 219
92 219
93 219
98 219
97 219
96 219
94 225
90 220
91 220
92 220
93 220
98 220
97 220
96 220
94 226
90 221
91 221
92 221
93 221
98 221
97 221
96 221
93 226
90 222
91 222
92 222
93 222
98 222
97 222
96 222
95 222
93 227
90 223
94 227
91 223
92 223
93 223
98 223
97 223
96 223
95 223
93 228
90 224
94 228
91 224
92 224
93 224
98 224
97 224
96 224
95 224
93 229
90 225
94 229
91 225
92 225
93 225
98 225
97 225
96 225
95 225
93 230
90 226
94 230
91 226
92 226
98 226
97 226
96 226
95 226
93 231
89 226
93 232
89 227
90 227
91 227
92 227
97 227
96 227
95 227
92 233
89 228
90 228
91 228
92 228
97 228
96 228
95 228
92 234
89 229
93 233
90 229
91 229
92 229
97 229
96 229
95 229
92 235
89 230
93 234
90 230
91 230
92 230
97 230
96 230
95 230
92 236
89 231
93 235
90 231
91 231
92 231
97 231
96 231
95 231
94 231
92 237
89 232
93 236
90 232
91 232
92 232
97 232
96 232
95 232
94 232
92 238
88 233
89 233
90 233
91 233
96 233
95 233
94 233
92 239
88 234
89 234
90 234
91 234
96 234
95 234
94 234
92 240
88 235
89 235
90 235
91 235
96 235
95 235
94 235
91 241
88 236
89 236
90 236
91 236
96 236
95 236
94 236
91 242
88 237
92 241
89 237
90 237
91 237
96 237
95 237
94 237
93 237
91 243
88 238
92 242
89 238
90 238
91 238
96 238
95 238
94 238
93 238
91 244
88 239
92 243
89 239
90 239
91 239
96 239
95 239
94 239
93 239
91 245
88 240
92 244
89 240
90 240
91 240
96 240
95 240
94 240
93 240
91 246
87 241
88 241
89 241
90 241
95 241
94 241
93 241
91 247
87 242
88 242
89 242
90 242
95 242
94 242
93 242
91 248
87 243
88 243
89 243
90 243
95 243
94 243
93 243
91 249
87 244
88 244
89 244
90 244
95 244
94 244
93 244
91 250
87 245
88 245
89 245
90 245
95 245
94 245
93 245
92 245
91 251
87 246
88 246
89 246
90 246
95 246
94 246
93 246
92 246
91 252
87 247
88 247
89 247
90 247
95 247
94 247
93 247
92 247
91 253
87 248
88 248
89 248
90 248
95 248
94 248
93 248
92 248
91 254
87 249
88 249
89 249
90 249
95 249
94 249
93 249
92 249
92 254
87 250
88 250
89 250
90 250
95 250
94 250
93 250
92 250
92 255
87 251
91 255
88 251
89 251
90 251
95 251
94 251
93 251
92 251
92 256
87 252
91 256
88 252
89 252
90 252
95 252
94 252
93 252
92 252
92 257
87 253
91 257
88 253
89 253
90 253
95 253
94 253
93 253
92 253
93 257
87 254
91 258
88 254
89 254
90 254
95 254
94 254
93 254
93 258
92 258
96 254
93 259
89 255
90 255
95 255
94 255
93 255
94 259
90 256
94 256
93 256
95 260
96 260
94 257
96 261
94 258
97 261
92 259
93 260
98 261
94 260
95 259
99 261
95 261
100 262
97 260
96 259
101 262
96 262
102 262
97 262
103 262
98 262
98 260
104 262
100 261
99 262
99 260
105 262
100 263
106 262
101 263
101 261
107 262
102 263
102 261
108 262
103 263
103 261
109 262
104 263
104 261
110 262
105 263
105 261
111 262
106 263
106 261
112 261
107 263
107 261
113 261
108 263
108 261
114 261
109 263
109 261
115 261
110 263
110 261
116 261
112 262
111 263
111 261
117 261
112 260
117 260
113 262
113 260
118 260
114 262
114 260
119 260
115 262
115 260
120 260
116 262
116 260
121 260
118 261
117 262
122 260
117 259
122 259
118 259
123 259
119 261
119 259
124 259
120 261
120 259
125 259
121 261
121 259
126 258
123 260
122 261
127 258
122 258
128 258
123 258
129 258
124 260
124 258
129 257
126 259
125 260
125 258
130 257
126 257
131 257
127 259
127 257
132 257
128 259
128 257
132 256
130 258
129 259
133 256
129 256
134 256
130 256
135 256
131 258
131 256
135 255
133 257
132 258
136 255
132 255
137 255
133 255
138 255
134 257
134 255
138 254
136 256
135 257
139 254
135 254
140 254
136 254
141 253
137 256
137 254
142 253
139 255
138 256
143 253
138 252
138 253
143 252
141 254
139 256
139 252
139 253
144 252
140 255
140 253
145 252
141 252
146 251
142 254
142 252
147 251
144 253
143 254
148 251
143 251
148 250
144 251
149 250
146 252
145 253
145 251
150 250
146 250
150 249
147 252
147 250
151 249
149 251
148 252
152 249
148 249
152 248
149 249
153 248
151 250
150 251
154 248
150 248
155 247
151 248
156 247
153 249
152 250
157 246
152 247
158 246
153 247
159 245
155 248
154 249
154 247
160 245
155 246
160 244
157 247
156 248
156 246
161 244
157 245
162 244
159 246
158 247
158 245
162 243
159 244
163 243
161 245
160 246
164 243
160 243
164 242
161 243
165 242
163 244
162 245
165 241
162 242
166 241
163 242
166 240
165 243
164 244
164 241
167 240
164 240
167 239
166 242
168 239
165 240
169 238
167 241
170 238
166 239
170 237
168 240
171 237
167 238
171 236
169 239
168 238
172 235
169 237
172 234
171 238
170 239
173 234
170 236
173 233
172 237
174 233
172 236
171 235
174 232
173 235
175 232
171 234
172 233
175 231
174 234
175 230
173 232
176 230
175 233
176 229
174 231
177 229
176 232
177 228
176 231
177 227
174 230
175 229
178 227
177 230
178 226
176 228
179 226
178 229
179 225
178 228
179 224
176 227
177 226
180 224
179 227
180 223
178 225
180 222
180 226
181 222
180 225
181 221
178 224
179 223
181 220
181 224
182 220
181 223
182 219
179 222
180 221
183 219
182 222
183 218
182 221
183 217
180 220
181 219
184 217
183 220
184 216
182 218
184 215
184 219
185 215
185 218
184 218
185 214
185 217
182 217
183 216
185 213
186 217
186 213
187 216
186 216
185 216
186 212
187 215
186 215
183 215
184 214
186 211
188 215
186 210
189 214
188 214
187 214
186 214
186 209
189 213
188 213
187 213
184 213
185 212
186 208
190 213
187 208
190 212
189 212
188 212
187 212
184 212
187 207
190 211
189 211
188 211
187 211
184 211
185 211
187 206
190 210
189 210
188 210
187 210
184 210
185 210
186 206
190 209
189 209
188 209
187 209
184 209
186 207
185 209
186 205
190 208
189 208
188 208
184 208
185 208
186 204
191 208
186 203
191 207
190 207
189 207
188 207
185 207
187 205
186 202
190 206
189 206
188 206
185 206
187 204
186 201
186 200
188 205
185 205
186 199
188 204
185 204
185 198
187 203
185 203
185 197
187 202
184 202
185 202
185 196
187 201
185 201
185 195
187 200
185 200
185 194
187 199
185 199
186 198
184 194
184 198
184 193
186 197
184 197
184 192
186 196
184 196
184 191
186 195
184 195
184 190
186 194
185 193
183 190
183 194
183 189
183 193
183 188
185 192
183 192
183 187
185 191
183 191
183 186
185 190
184 189
182 186
182 190
182 185
182 189
182 184
184 188
182 188
182 183
184 187
182 187
181 182
184 186
183 185
181 181
181 186
181 180
181 185
180 179
183 184
181 184
180 178
183 183
181 183
182 182
180 177
180 182
180 176
182 181
180 181
179 175
182 180
180 180
181 179
179 174
179 179
179 173
181 178
179 178
178 172
181 177
179 177
178 171
181 176
179 176
180 175
178 170
178 175
177 169
180 174
178 174
177 168
180 173
178 173
179 172
177 167
177 172
177 166
179 171
177 171
176 165
179 170
177 170
178 169
176 164
176 169
176 163
178 168
176 168
175 162
178 167
176 167
175 161
178 166
176 166
177 165
175 160
175 165
174 159
177 164
175 164
174 158
177 163
175 163
176 162
174 157
174 162
174 156
176 161
174 161
173 156
176 160
174 160
175 159
173 155
173 159
173 154
175 158
173 158
173 153
175 157
173 157
172 153
175 156
174 155
172 152
172 156
172 151
172 155
172 150
174 154
172 154
171 150
174 153
173 152
171 149
171 153
171 148
171 152
171 147
173 151
171 151
170 146
173 150
172 149
170 145
170 150
170 144
170 149
169 144
172 148
170 148
169 143
172 147
170 147
171 146
169 142
169 146
169 141
171 145
169 145
169 140
171 144
170 143
168 140
168 144
168 139
168 143
168 138
170 142
168 142
168 137
170 141
168 141
167 137
170 140
169 139
167 136
167 140
167 135
167 139
167 134
169 138
167 138
167 133
169 137
168 136
166 133
166 137
166 132
166 136
166 131
168 135
166 135
166 130
168 134
166 134
165 129
168 133
167 132
165 128
165 133
165 127
165 132
165 126
167 131
165 131
165 125
167 130
165 130
166 129
165 124
164 129
164 123
166 128
164 128
164 122
166 127
164 127
164 121
166 126
164 126
164 120
166 125
164 125
164 119
164 124
166 124
165 123
165 119
163 123
165 118
163 122
165 122
166 118
163 121
165 121
166 117
163 120
165 120
167 117
163 119
164 118
167 118
166 119
168 118
165 117
169 118
170 119
166 116
171 119
168 117
167 116
172 120
167 119
173 120
168 120
168 119
173 121
169 120
169 119
170 118
169 117
174 121
170 122
170 121
170 120
175 121
171 122
171 121
171 120
172 119
171 118
175 122
172 122
172 121
176 122
174 120
173 119
177 123
173 122
178 123
174 122
178 124
176 121
175 120
179 124
175 123
180 124
176 123
177 122
180 125
177 124
181 125
179 123
178 122
181 126
178 125
182 126
179 125
183 127
181 124
180 123
184 127
180 126
184 128
182 125
185 128
181 127
186 129
182 127
183 126
187 129
183 128
187 130
185 127
184 126
188 130
184 129
189 131
185 129
186 128
190 131
186 130
190 132
188 129
187 128
191 132
187 131
191 133
188 131
189 130
192 133
189 132
193 134
191 131
190 130
194 135
190 133
195 135
192 132
196 136
191 134
197 137
192 134
193 133
198 137
193 135
194 134
198 138
194 136
199 138
195 136
196 135
195 134
199 139
196 137
197 136
200 139
195 137
197 139
197 138
201 140
199 137
198 136
202 140
198 139
202 141
200 138
203 141
199 140
203 142
200 140
201 139
204 142
201 141
205 143
203 140
202 139
206 144
202 142
207 144
204 141
207 145
203 143
208 145
204 143
205 142
209 146
205 144
206 143
210 146
206 145
210 147
208 144
207 143
211 147
207 146
211 148
208 146
209 145
212 148
209 147
212 149
211 146
210 145
213 149
210 148
214 150
212 147
215 150
211 149
215 151
213 148
216 151
212 150
216 152
213 150
214 149
217 152
214 151
217 153
216 150
215 149
218 153
215 152
219 154
217 151
220 154
216 153
220 155
218 152
221 155
217 154
221 156
218 154
219 153
222 156
219 155
222 157
221 154
220 153
223 157
220 156
224 158
222 155
225 158
221 157
225 159
223 156
226 159
222 158
226 160
223 158
224 157
227 160
224 159
227 161
226 158
225 157
228 161
225 160
229 161
227 159
229 162
226 161
230 163
228 160
231 163
227 162
232 163
228 162
233 163
230 161
229 160
233 164
229 163
230 162
234 164
230 164
235 164
231 165
231 164
231 162
236 164
232 165
232 164
232 162
237 164
233 165
234 163
233 162
238 164
233 167
233 166
238 165
234 167
234 166
234 165
239 165
235 166
235 165
235 163
240 165
236 165
236 163
241 165
237 165
237 163
242 165
239 164
238 163
243 165
238 166
244 165
239 166
244 166
240 166
240 164
245 166
241 166
241 164
246 166
242 166
242 164
247 166
243 166
243 164
248 166
245 165
244 164
249 166
244 167
250 166
245 167
251 166
246 167
246 165
251 167
247 167
247 165
252 167
248 167
248 165
253 167
249 167
249 165
254 167
250 167
250 165
255 167
252 166
251 165
256 167
251 168
256 168
252 168
257 168
253 168
253 166
258 168
254 168
254 166
259 168
255 168
255 166
260 169
257 167
256 166
261 170
256 169
261 169
257 169
262 169
258 169
258 167
263 169
259 169
260 168
259 167
264 169
260 170
260 167
264 168
262 170
261 171
265 168
261 168
265 167
262 168
266 167
263 170
263 168
266 166
265 169
264 170
266 165
264 167
266 164
266 168
266 163
265 166
265 163
267 167
265 162
267 166
265 161
265 165
267 165
265 160
265 164
267 164
264 159
267 163
266 162
264 158
264 163
264 157
264 162
263 157
264 161
266 161
263 156
264 160
266 160
265 159
263 155
263 159
262 154
263 158
265 158
262 153
265 157
264 156
262 152
262 157
261 152
262 156
261 151
262 155
264 155
263 154
261 150
261 154
260 150
261 153
263 153
260 149
263 152
262 151
260 148
260 152
259 147
260 151
259 146
262 150
261 149
258 146
259 150
258 145
259 149
258 144
259 148
261 148
260 147
257 143
258 147
257 142
260 146
259 145
256 141
257 146
256 140
257 145
255 139
257 144
259 144
258 143
255 138
256 143
254 137
256 142
258 142
257 141
254 136
255 141
253 135
255 140
257 140
256 139
253 134
254 139
252 133
254 138
256 138
255 137
252 132
253 137
251 131
253 136
255 136
254 135
251 130
252 135
250 129
252 134
254 134
253 133
250 128
251 133
250 127
251 132
253 132
252 131
249 127
250 131
249 126
250 130
252 130
251 129
248 125
249 129
248 124
249 128
251 128
247 123
251 127
250 126
247 122
248 127
246 121
248 126
249 125
246 120
247 125
245 119
247 124
249 124
248 123
245 118
246 123
245 117
246 122
248 122
247 121
244 117
245 121
244 116
245 120
247 120
246 119
244 115
244 119
243 115
244 118
246 118
243 114
246 117
245 116
243 113
243 117
242 113
243 116
242 112
245 115
244 114
242 111
242 115
241 111
242 114
241 110
244 113
243 112
241 109
241 113
240 108
241 112
240 107
243 111
242 110
239 106
240 111
239 105
240 110
239 104
240 109
242 109
241 108
238 104
239 108
238 103
239 107
241 107
240 106
238 102
238 106
237 102
238 105
240 105
237 101
240 104
239 103
237 100
237 104
237 99
237 103
236 99
239 102
238 101
236 98
236 102
236 97
236 101
236 96
236 100
238 100
235 96
238 99
237 98
235 95
235 99
235 94
235 98
235 93
235 97
237 97
235 92
237 96
236 95
235 91
234 96
235 90
234 95
235 89
234 94
236 94
235 88
234 93
236 93
236 88
234 92
236 92
236 87
234 91
236 91
237 87
234 90
236 90
238 87
234 89
236 89
239 87
234 88
235 87
240 87
237 88
241 87
236 86
242 88
237 86
243 88
238 88
238 86
244 88
239 88
239 86
244 89
240 88
240 86
245 89
242 87
241 88
241 86
246 89
242 89
246 90
243 89
243 87
247 90
245 88
244 87
248 90
244 90
249 91
245 90
250 91
247 89
246 88
251 92
246 91
252 92
247 91
253 93
249 90
248 91
248 89
254 93
249 92
254 94
251 91
250 92
250 90
255 94
251 93
256 94
253 92
252 93
252 91
256 95
253 94
257 95
255 93
254 92
258 96
254 95
259 96
255 95
260 97
257 94
256 93
261 97
256 96
261 98
258 95
257 96
262 98
258 97
263 98
260 96
259 97
259 95
263 99
260 98
264 99
262 97
261 96
265 100
261 99
266 100
262 99
266 101
264 98
263 97
267 101
263 100
268 102
265 99
264 100
269 102
265 101
270 103
267 100
266 99
271 103
266 102
271 104
268 101
267 102
272 104
268 103
273 105
270 102
269 103
269 101
274 105
270 104
274 106
272 103
271 102
275 106
271 105
276 107
273 104
272 105
277 107
273 106
278 108
275 105
274 104
279 108
274 107
279 109
276 106
275 107
280 109
276 108
281 110
278 107
277 108
277 106
282 110
278 109
283 111
280 108
279 107
284 111
279 110
284 112
281 109
280 110
285 112
281 111
286 113
283 110
282 111
282 109
287 113
283 112
287 114
285 111
284 110
288 114
284 113
289 114
286 112
285 113
289 115
286 114
290 115
288 113
287 112
291 116
287 115
292 116
288 115
293 117
290 114
289 113
294 117
289 116
295 118
291 115
290 116
296 118
291 117
296 119
293 116
292 117
292 115
297 119
293 118
298 119
295 117
294 118
294 116
298 120
295 119
299 120
297 118
296 117
300 120
296 120
301 120
297 120
301 121
299 119
298 118
302 121
298 121
303 121
299 121
304 121
300 121
300 119
304 122
302 120
301 119
305 122
301 122
306 122
302 122
307 122
303 122
303 120
307 121
305 121
304 120
308 121
304 123
308 120
305 123
309 120
306 123
306 121
309 119
308 122
307 123
309 118
307 120
310 118
309 121
310 117
308 119
310 116
310 120
311 116
310 119
311 115
308 118
309 117
312 115
311 118
312 114
311 117
312 113
309 116
310 115
313 113
312 116
314 113
311 114
314 112
313 115
315 112
313 114
315 111
311 113
312 112
316 111
313 112
316 110
315 113
314 114
316 109
314 111
317 109
316 112
317 108
315 110
318 108
317 111
318 107
317 110
318 106
315 109
316 108
319 106
318 109
319 105
317 107
320 105
319 108
320 104
319 107
320 103
317 106
318 105
321 103
320 106
321 102
319 104
322 102
321 105
322 101
321 104
322 100
319 103
320 102
323 100
322 103
323 99
321 101
324 99
323 102
324 98
323 101
324 97
321 100
322 99
325 97
324 100
325 96
323 98
326 95
325 99
326 94
325 98
327 94
323 97
324 96
327 93
326 97
328 93
326 96
325 95
328 92
327 95
328 91
325 94
326 93
329 91
328 94
329 90
327 92
330 90
329 93
330 89
329 92
331 89
327 91
328 90
331 88
330 91
332 89
329 89
333 90
331 90
334 91
330 88
335 92
336 93
332 88
331 87
337 94
