t.p
11 294
26 298
61 272
68 273
94 312
103 319
105 329
110 334
115 367
146 366
154 373
155 374
179 365
204 330
217 300
230 285
228 270
258 226
276 210
219 79
253 54
264 61
267 63
373 80
385 93
399 117
362 218
385 253
355 339
360 360
end
11 294
12 294
12 295
13 295
14 295
14 296
15 296
16 296
17 296
17 297
18 297
19 297
20 297
21 297
21 298
22 298
23 298
24 298
25 298
26 298
26 297
27 297
28 297
28 296
29 296
30 296
25 297
26 296
30 295
27 298
29 297
27 295
27 296
31 295
28 298
31 297
28 294
30 297
28 295
32 295
31 296
28 293
32 294
32 296
29 293
29 294
29 295
33 294
33 296
30 293
30 294
33 293
33 295
30 292
34 293
34 295
31 292
31 293
31 294
35 293
32 297
35 295
32 292
32 293
35 292
35 294
32 291
34 294
36 292
36 294
33 291
33 292
36 291
36 293
33 290
37 291
37 293
34 290
34 291
34 292
37 290
38 293
35 290
35 291
38 290
38 292
35 289
37 292
38 289
39 292
36 289
36 290
39 289
39 291
36 288
38 291
39 288
37 294
40 291
37 288
37 289
40 288
40 290
37 287
39 290
41 287
41 290
38 287
38 288
42 287
34 289
41 289
38 286
40 289
42 286
39 293
42 289
39 286
39 287
43 286
35 288
42 288
39 285
41 288
43 285
40 292
43 288
40 285
40 286
40 287
44 285
41 291
45 287
41 283
44 287
41 284
43 287
41 285
41 286
44 284
42 291
42 290
46 287
42 283
42 284
42 285
45 284
46 286
42 282
45 286
44 286
45 283
43 290
43 289
47 286
43 282
43 283
43 284
46 283
47 285
43 281
46 285
45 285
46 282
44 290
44 289
44 288
49 285
44 280
48 285
44 281
44 282
44 283
47 282
38 284
39 284
40 284
49 284
44 279
48 284
47 284
46 284
47 281
45 291
45 290
45 289
45 288
50 284
45 279
45 280
45 281
45 282
48 281
38 283
39 283
40 283
50 283
45 278
49 283
48 283
47 283
48 280
46 291
46 290
46 289
46 288
51 283
46 278
46 279
46 280
46 281
49 280
38 282
39 282
40 282
41 282
51 282
46 277
50 282
49 282
48 282
49 279
47 290
47 289
47 288
47 287
53 282
47 276
52 282
47 277
47 278
47 279
47 280
50 279
39 281
40 281
41 281
42 281
53 281
47 275
52 281
51 281
50 281
49 281
51 278
48 289
48 288
48 287
48 286
54 281
48 275
48 276
48 277
48 278
48 279
52 277
40 280
41 280
42 280
43 280
55 280
48 273
54 280
48 274
53 280
52 280
51 280
50 280
53 277
49 288
49 287
49 286
56 280
49 273
49 274
49 275
49 276
49 277
49 278
53 276
41 279
42 279
43 279
56 279
49 272
55 279
54 279
53 279
52 279
51 279
54 276
50 287
50 286
50 285
57 279
50 272
50 273
50 274
50 275
50 276
50 277
50 278
54 275
43 278
51 286
44 278
51 285
51 284
58 278
51 271
57 278
51 272
56 278
51 273
55 278
51 274
54 278
51 275
53 278
51 276
52 278
51 277
55 275
44 277
52 285
45 277
52 284
52 283
59 277
52 270
58 277
52 271
57 277
52 272
56 277
52 273
55 277
52 274
54 277
52 275
52 276
55 274
53 285
53 284
53 283
60 277
53 270
53 271
53 272
53 273
53 274
53 275
56 274
45 276
46 276
60 276
53 269
59 276
58 276
57 276
56 276
55 276
57 273
54 284
54 283
54 282
61 276
54 269
54 270
54 271
54 272
54 273
54 274
58 273
46 275
62 275
54 267
61 275
54 268
60 275
59 275
58 275
57 275
56 275
58 272
55 283
55 282
55 281
63 275
55 267
55 268
55 269
55 270
55 271
55 272
55 273
59 272
47 274
63 274
55 266
62 274
61 274
60 274
59 274
58 274
57 274
60 272
56 282
56 281
64 274
56 266
56 267
56 268
56 269
56 270
56 271
56 272
56 273
61 272
57 281
57 280
65 273
57 265
64 273
57 266
63 273
57 267
62 273
57 268
61 273
57 269
60 273
57 270
59 273
57 271
57 272
61 271
58 280
58 279
58 266
58 267
58 268
58 269
58 270
58 271
62 271
65 272
58 265
64 272
63 272
62 272
63 271
59 279
59 278
66 272
59 265
59 266
59 267
59 268
59 269
59 270
59 271
64 271
60 278
60 266
60 267
60 268
60 269
60 270
60 271
65 271
61 279
61 278
61 277
67 272
61 266
61 267
61 268
61 269
61 270
66 271
62 276
62 267
62 268
62 269
62 270
63 268
63 269
63 270
67 273
64 269
64 270
68 273
65 270
69 273
69 274
70 274
70 275
71 275
71 276
71 277
68 274
69 275
72 277
72 278
70 276
73 278
73 279
74 280
69 277
71 279
70 277
71 278
74 281
72 279
73 277
72 276
75 281
70 278
72 280
75 282
73 280
74 278
76 283
73 281
74 279
76 284
74 282
75 280
77 284
72 281
74 283
77 285
75 283
76 281
77 286
73 282
75 284
76 282
78 286
76 285
77 283
78 287
74 284
76 286
79 288
78 284
79 289
75 285
77 287
78 285
80 289
75 286
77 288
80 290
78 288
79 286
80 291
76 287
78 289
79 287
81 291
79 290
80 288
81 292
77 289
79 291
81 293
81 289
82 293
77 290
80 293
78 290
80 292
81 290
82 294
76 291
80 295
77 291
80 294
78 291
83 295
81 295
81 294
82 291
83 296
77 292
81 296
78 292
79 292
82 292
84 296
76 293
81 298
77 293
81 297
78 293
79 293
83 293
84 297
82 298
82 297
82 296
82 295
85 293
82 290
84 293
84 298
77 294
82 299
78 294
79 294
85 294
84 294
83 294
85 298
77 295
83 301
78 295
83 300
79 295
83 299
83 298
83 297
86 295
83 292
85 295
84 295
85 299
77 296
83 302
78 296
79 296
80 296
87 296
86 296
85 296
86 300
84 302
84 301
84 300
84 299
88 296
84 292
86 301
77 297
84 304
78 297
84 303
79 297
80 297
88 297
87 297
86 297
85 297
87 302
77 298
84 305
78 298
79 298
80 298
88 298
87 298
86 298
87 303
85 306
85 305
85 304
85 303
85 302
85 301
85 300
89 298
88 303
77 299
85 307
78 299
79 299
80 299
81 299
89 299
88 299
87 299
86 299
88 304
79 300
86 307
80 300
86 306
81 300
86 305
82 300
86 304
86 303
86 302
90 300
89 300
88 300
87 300
89 305
79 301
86 308
80 301
81 301
82 301
90 301
89 301
88 301
87 301
89 306
80 302
87 309
81 302
87 308
82 302
87 307
87 306
87 305
87 304
92 302
91 302
90 302
89 302
88 302
90 306
80 303
87 310
81 303
82 303
83 303
93 303
92 303
91 303
90 303
89 303
90 307
88 309
88 308
88 307
88 306
88 305
91 308
82 304
88 310
83 304
93 304
92 304
91 304
90 304
89 304
91 309
83 305
89 311
89 310
89 309
89 308
89 307
94 305
93 305
92 305
91 305
90 305
92 309
83 306
89 312
84 306
94 306
93 306
92 306
91 306
92 310
90 312
90 311
90 310
90 309
90 308
95 306
93 310
84 307
90 313
95 307
94 307
93 307
92 307
91 307
93 311
85 308
91 314
91 313
91 312
91 311
91 310
96 308
95 308
94 308
93 308
92 308
94 312
85 309
91 315
86 309
95 309
94 309
93 309
95 313
92 315
92 314
92 313
92 312
92 311
96 309
96 313
96 310
95 310
94 310
96 314
93 315
93 314
93 313
93 312
97 310
97 314
96 311
95 311
94 311
97 315
98 312
94 316
97 312
94 315
96 312
94 314
95 312
94 313
98 315
98 313
95 316
97 313
95 315
95 314
99 315
96 315
99 316
100 316
101 316
101 317
102 317
102 318
103 319
103 320
103 321
103 322
104 322
104 323
104 324
104 325
104 326
104 327
104 328
105 329
105 330
106 330
107 331
108 331
108 332
104 329
105 328
109 332
109 333
110 334
110 335
110 336
110 337
110 338
111 338
111 339
111 335
111 340
111 336
111 341
111 337
111 342
111 343
112 338
111 344
112 339
111 345
112 340
111 346
112 341
111 347
112 342
111 348
112 343
111 349
112 344
111 350
112 345
111 351
112 346
111 352
112 347
111 353
112 348
111 354
112 349
111 355
112 350
111 356
112 351
111 357
112 352
111 358
112 353
111 359
112 354
111 360
112 355
112 360
112 356
112 361
110 357
112 357
112 362
110 358
112 358
112 363
110 359
112 359
113 364
110 360
111 361
113 365
113 360
114 365
113 361
114 366
111 362
113 362
114 367
111 363
112 364
113 363
115 367
114 364
116 367
112 365
113 366
116 368
115 365
117 368
115 366
118 368
113 367
114 368
119 368
115 368
120 368
117 367
116 366
121 368
122 368
123 368
124 368
125 368
126 368
127 368
127 367
128 367
129 367
130 367
131 367
132 367
132 366
133 366
134 366
135 366
136 366
137 366
137 365
138 365
139 365
140 365
141 365
142 365
143 365
144 365
145 365
146 366
147 366
147 367
148 367
149 367
149 368
150 368
150 369
151 369
151 370
152 370
152 371
153 371
153 372
154 373
155 374
156 374
157 374
157 373
158 373
155 373
154 372
159 373
153 374
155 372
154 374
160 373
156 375
156 371
156 372
156 373
161 373
158 374
157 375
157 371
157 372
161 372
157 370
162 372
158 375
158 370
158 371
158 372
163 372
159 375
159 374
159 370
159 371
159 372
164 372
162 373
160 375
160 374
160 370
160 371
160 372
165 372
163 373
161 375
161 374
161 370
161 371
165 371
161 369
166 371
162 374
162 369
162 370
162 371
167 371
163 374
163 369
163 370
163 371
167 370
166 372
164 374
164 373
164 369
164 370
164 371
168 370
167 372
165 374
165 373
165 369
165 370
169 370
165 368
170 370
169 371
166 374
168 371
166 373
166 368
166 369
166 370
170 369
170 371
167 374
167 373
167 368
167 369
171 369
167 367
172 369
171 370
168 373
168 372
168 367
168 368
168 369
172 368
173 370
169 374
172 370
169 373
169 372
169 367
169 368
169 369
173 368
175 370
170 375
174 370
170 374
170 373
170 372
170 367
170 368
174 368
175 369
174 369
173 369
170 365
170 366
174 367
176 369
171 374
171 373
171 372
171 371
171 365
171 366
171 367
171 368
175 367
177 369
172 374
172 373
172 372
172 371
172 365
172 366
172 367
176 366
177 368
176 368
175 368
172 364
177 366
178 368
173 373
173 372
173 371
173 363
173 364
173 365
173 366
173 367
177 365
179 368
174 373
174 372
174 371
174 363
174 364
174 365
174 366
178 365
179 367
178 367
177 367
176 367
174 361
174 362
179 365
180 367
175 372
175 371
175 361
175 362
175 363
175 364
175 365
175 366
179 364
181 366
176 371
180 366
176 370
179 366
178 366
176 360
176 361
176 362
176 363
176 364
176 365
180 364
182 366
177 371
177 370
177 360
177 361
177 362
177 363
177 364
180 363
181 365
180 365
181 363
182 365
178 369
178 360
178 361
178 362
178 363
178 364
181 362
183 365
179 369
179 360
179 361
179 362
179 363
182 362
183 364
182 364
181 364
179 359
182 361
185 364
180 369
184 364
180 368
180 359
180 360
180 361
180 362
183 361
185 363
184 363
183 363
182 363
180 357
180 358
183 360
186 363
181 368
181 367
181 357
181 358
181 359
181 360
181 361
184 360
185 362
184 362
183 362
181 356
184 359
186 362
182 356
182 357
182 358
182 359
182 360
185 359
186 361
185 361
184 361
182 355
185 358
187 361
183 355
183 356
183 357
183 358
183 359
186 358
187 360
186 360
185 360
183 354
186 357
188 360
184 354
184 355
184 356
184 357
184 358
186 356
188 359
187 359
186 359
178 359
184 353
187 356
189 359
185 353
185 354
185 355
185 356
185 357
187 355
189 358
188 358
187 358
179 358
185 352
188 355
190 358
186 352
186 353
186 354
186 355
188 354
190 357
189 357
188 357
187 357
186 351
189 354
190 356
189 356
188 356
180 356
186 350
189 353
191 356
187 350
187 351
187 352
187 353
187 354
190 352
191 355
190 355
189 355
181 355
187 349
190 351
192 355
188 349
188 350
188 351
188 352
188 353
191 351
192 354
191 354
190 354
182 354
188 348
191 350
193 354
189 348
189 349
189 350
189 351
189 352
192 349
193 353
192 353
191 353
190 353
183 353
189 347
192 348
194 352
193 352
192 352
191 352
184 352
190 346
190 347
190 348
190 349
190 350
193 348
194 351
193 351
192 351
184 351
190 345
185 351
193 347
191 346
191 347
191 348
191 349
194 347
193 350
192 350
194 346
193 349
192 346
192 347
194 345
195 345
195 344
195 343
196 343
196 342
197 342
197 341
197 340
198 340
198 339
198 338
199 338
199 337
200 337
200 336
200 335
201 335
201 334
201 333
202 333
202 332
202 331
203 331
203 330
204 330
204 329
204 328
205 328
205 327
205 326
206 326
206 325
206 324
206 323
207 323
207 322
207 321
208 321
208 320
208 319
209 318
209 317
209 316
210 316
210 315
210 314
210 313
211 313
211 312
211 311
211 310
212 310
212 309
212 308
213 308
213 307
213 306
213 305
214 305
214 304
214 303
215 303
215 302
215 301
216 301
216 300
217 300
217 299
217 298
218 298
218 297
219 297
219 296
220 296
220 295
221 295
221 294
222 294
222 293
223 293
223 292
224 292
224 291
225 291
225 290
226 290
226 289
227 289
227 288
228 288
228 287
229 287
229 286
229 285
230 285
230 284
230 283
230 282
230 281
229 281
229 280
229 279
229 278
229 277
228 277
228 276
228 275
228 274
227 274
227 273
227 272
227 271
227 270
228 270
228 269
228 268
228 267
228 266
229 266
229 265
229 264
230 264
230 263
230 262
231 262
231 261
231 260
232 260
232 259
233 258
233 257
234 257
234 256
234 255
235 255
235 254
236 254
236 253
236 252
237 252
237 251
238 251
238 250
239 249
239 248
240 248
240 247
241 247
241 246
241 245
242 245
242 244
243 244
243 243
244 242
244 241
245 241
245 240
246 240
246 239
247 239
247 238
248 237
248 236
249 236
249 235
250 235
250 234
251 234
251 233
252 232
252 231
253 231
253 230
254 230
254 229
255 229
255 228
256 228
256 227
257 226
258 226
258 225
258 224
259 224
260 223
261 223
261 222
262 222
262 221
263 221
264 221
264 220
265 220
266 220
266 219
267 219
268 218
269 218
269 217
270 217
271 217
271 216
272 216
270 218
269 219
272 215
273 215
273 214
274 214
274 213
274 212
275 212
275 211
275 210
276 210
276 209
276 208
276 207
276 206
276 205
276 204
275 204
275 203
275 202
275 201
275 200
276 203
274 200
274 199
274 198
274 197
273 196
273 195
273 194
272 194
272 193
272 192
271 191
271 190
270 189
270 188
270 187
269 187
269 186
269 185
268 185
268 184
268 183
267 183
267 182
267 181
266 181
266 180
266 179
265 178
264 177
264 176
263 175
263 174
262 173
262 172
261 171
261 170
260 170
260 169
260 168
259 167
258 166
258 165
257 164
259 169
256 163
259 168
260 167
256 162
258 167
259 166
256 161
257 166
255 160
257 165
258 164
254 159
256 164
257 163
254 158
255 163
253 157
257 162
255 162
253 156
257 161
255 161
256 160
252 156
257 160
254 160
255 159
252 155
256 159
254 161
252 159
254 157
253 159
251 154
256 158
255 158
252 158
254 156
253 158
251 153
255 157
251 157
253 155
252 157
250 152
255 156
251 156
253 154
250 151
250 156
252 154
249 150
254 155
250 155
252 153
251 155
249 149
249 154
251 152
250 154
248 148
253 153
249 153
251 151
250 153
247 147
252 152
248 152
250 150
249 152
247 146
252 151
247 151
250 148
248 151
250 149
249 151
246 145
251 150
246 150
249 147
247 150
249 148
248 150
246 144
251 149
245 149
249 145
246 149
249 146
247 149
248 149
245 144
244 148
248 144
245 148
248 145
246 148
248 146
247 148
248 147
245 143
243 147
247 143
244 147
247 144
245 147
247 145
246 147
244 142
243 146
247 142
244 146
245 146
246 146
244 141
242 145
246 141
243 145
246 142
244 145
246 143
245 145
243 140
249 144
242 144
246 140
243 144
244 144
242 139
241 144
245 140
245 141
245 142
242 138
241 143
245 139
242 143
243 143
244 143
242 137
239 142
244 137
240 142
244 138
241 142
244 139
242 142
244 140
243 142
241 136
239 141
244 136
240 141
241 141
242 141
243 141
240 135
238 140
243 135
239 140
243 136
240 140
243 137
241 140
243 138
242 140
243 139
240 134
237 139
242 134
238 139
242 135
239 139
242 136
240 139
241 139
239 133
237 138
242 133
238 138
239 138
240 138
241 138
239 132
237 137
242 132
238 137
239 137
240 137
241 137
238 132
236 136
241 131
237 136
241 132
238 136
241 133
239 136
241 134
240 136
241 135
238 131
234 135
240 129
235 135
240 130
236 135
240 131
237 135
240 132
238 135
240 133
239 135
237 130
234 134
240 128
235 134
236 134
237 134
238 134
239 134
237 129
233 133
239 127
234 133
239 128
235 133
239 129
236 133
239 130
237 133
239 131
238 133
237 128
233 132
239 126
234 132
235 132
236 132
237 132
236 128
232 132
238 126
238 127
238 128
238 129
238 130
236 127
232 131
238 125
233 131
234 131
235 131
236 131
237 131
235 126
231 130
237 124
232 130
237 125
233 130
237 126
234 130
237 127
235 130
236 130
235 125
231 129
237 123
232 129
233 129
234 129
235 129
236 129
234 125
231 128
237 122
232 128
233 128
234 128
235 128
234 124
230 128
236 122
236 123
236 124
236 125
236 126
234 123
230 127
236 121
231 127
232 127
233 127
234 127
235 127
233 122
229 126
235 120
230 126
235 121
231 126
235 122
232 126
235 123
233 126
235 124
234 126
233 121
230 125
231 125
232 125
233 125
232 121
229 125
234 120
234 121
234 122
232 120
229 124
234 119
230 124
231 124
232 124
233 124
231 119
229 123
234 118
230 123
231 123
232 123
233 123
231 118
228 122
233 117
229 122
233 118
230 122
233 119
231 122
233 120
232 122
230 117
229 121
230 121
231 121
230 116
228 121
232 117
232 118
232 119
229 115
228 120
232 116
229 120
230 120
231 120
229 114
227 119
231 115
228 119
231 116
229 119
231 117
230 119
228 113
227 118
231 114
228 118
229 118
230 118
228 112
226 117
230 113
227 117
230 114
228 117
230 115
229 117
227 111
226 116
230 112
227 116
228 116
229 116
227 110
225 115
229 111
226 115
229 112
227 115
229 113
228 115
227 109
225 114
229 110
226 114
227 114
228 114
226 109
224 113
228 109
225 113
228 110
226 113
228 111
227 113
226 108
225 112
226 112
227 112
226 107
230 111
224 111
227 108
225 111
226 111
225 107
230 110
224 110
227 107
225 110
226 110
225 106
230 109
229 109
224 109
227 106
225 109
225 105
223 109
226 106
224 104
229 108
228 108
223 108
226 105
224 108
225 108
224 103
230 107
229 107
228 107
223 107
226 104
224 107
223 102
222 107
225 104
223 101
229 106
228 106
222 106
225 103
223 106
224 106
223 100
229 105
228 105
227 105
222 105
225 102
223 105
224 105
222 100
228 104
227 104
222 104
224 102
223 104
222 99
228 103
227 103
226 103
222 103
224 101
223 103
222 98
226 102
220 102
223 99
221 102
222 102
221 97
226 101
225 101
220 101
223 98
221 101
222 101
221 96
226 100
225 100
224 100
220 100
223 97
221 100
221 95
220 95
225 99
224 99
220 99
222 97
221 99
220 94
224 98
221 98
220 93
220 92
219 91
219 90
219 89
219 88
218 87
218 86
218 85
218 84
220 89
218 83
218 82
218 81
218 80
217 85
218 79
219 79
219 78
219 77
219 76
220 76
220 75
220 74
221 74
221 73
221 72
222 72
222 71
223 71
223 70
224 70
224 69
225 68
226 67
227 66
228 66
228 65
229 65
229 64
230 64
230 63
231 63
231 62
232 62
233 62
233 61
234 61
235 60
236 60
236 59
237 59
238 59
238 58
239 58
240 58
240 57
241 57
242 57
242 56
243 56
244 56
245 55
246 55
247 55
247 54
248 54
249 54
250 54
251 54
252 54
253 54
253 53
254 54
255 54
256 54
256 55
257 55
258 55
258 56
259 56
259 57
260 57
260 58
261 58
261 59
262 59
262 60
263 60
264 60
264 61
265 61
265 62
266 62
267 63
268 63
269 63
270 63
270 64
271 64
272 64
273 64
274 64
275 64
276 64
277 65
278 65
279 65
280 65
281 65
282 65
283 65
284 65
284 66
285 66
286 66
287 66
288 66
289 66
290 66
291 66
292 66
293 67
294 67
295 67
296 67
297 67
298 67
299 67
300 67
301 67
302 67
303 68
304 68
305 68
306 68
307 68
308 68
309 68
310 68
311 68
312 69
313 69
314 69
315 69
316 69
317 69
318 69
319 69
320 69
321 70
322 70
323 70
324 70
325 70
326 70
327 70
328 70
329 70
329 71
330 71
331 71
332 71
333 71
334 71
335 71
336 71
337 71
337 72
338 72
339 72
340 72
341 72
342 72
343 72
344 72
345 73
346 73
347 73
348 73
349 73
350 73
351 74
352 74
353 74
354 74
355 74
356 75
357 75
358 75
359 75
360 75
361 76
362 76
363 76
364 76
365 77
366 77
367 77
368 77
368 78
369 78
370 78
370 79
371 79
372 79
373 79
373 80
374 80
374 81
375 81
375 82
376 82
376 83
377 83
377 84
378 84
378 85
379 85
379 86
380 87
380 88
381 88
381 89
382 90
378 86
379 87
382 91
383 91
383 92
384 92
385 92
385 93
386 93
386 94
387 94
388 94
389 94
389 95
386 92
390 95
385 94
391 95
387 93
387 95
392 95
388 93
388 95
393 95
389 93
390 94
393 96
389 96
394 96
390 96
395 96
391 94
391 96
396 96
392 94
392 96
397 96
393 94
394 95
397 97
393 97
398 97
394 97
399 97
395 95
395 98
395 97
399 98
396 95
398 96
396 98
396 97
397 94
397 95
399 96
397 98
397 99
398 95
398 99
398 98
399 95
399 99
399 100
399 102
399 103
399 104
398 105
399 105
399 106
399 107
399 111
399 108
399 112
397 108
398 108
399 113
397 109
398 109
399 109
399 114
398 110
399 110
399 115
398 111
399 116
397 111
399 117
397 112
398 112
398 117
397 113
398 113
398 118
397 114
398 114
398 119
398 115
399 119
398 116
399 118
399 120
397 117
399 121
396 117
399 122
396 118
397 118
399 123
398 120
396 119
397 119
399 124
399 125
397 120
399 126
397 121
398 121
399 127
397 122
398 122
397 123
398 123
397 124
398 124
397 125
398 125
399 128
397 126
398 126
399 130
399 129
397 127
398 127
398 128
398 129
398 130
398 131
399 131
398 132
399 132
398 133
399 133
399 134
399 135
399 136
399 137
399 138
399 177
399 178
399 179
398 179
399 176
398 180
397 180
398 177
399 174
399 175
397 181
398 178
396 181
399 180
396 182
397 179
398 176
395 182
398 181
395 183
396 180
397 176
397 177
397 178
394 183
397 182
399 181
394 184
395 181
396 176
396 177
396 178
396 179
393 184
396 183
399 182
398 182
393 185
394 182
395 177
395 178
395 179
395 180
392 185
395 184
399 183
398 183
397 183
392 186
393 183
394 178
394 179
394 180
394 181
391 186
394 185
399 184
398 184
397 184
396 184
391 187
392 184
393 179
393 180
393 181
393 182
390 187
393 186
398 185
397 185
396 185
395 185
390 188
391 185
392 180
392 181
392 182
392 183
389 188
392 187
397 186
396 186
395 186
394 186
389 189
390 186
391 181
391 182
391 183
391 184
388 189
391 188
396 187
395 187
394 187
393 187
387 190
389 187
390 182
390 183
390 184
390 185
386 190
390 189
395 188
394 188
393 188
392 188
386 191
389 184
389 185
389 186
385 191
392 189
391 189
385 192
388 187
388 188
384 192
388 190
387 189
384 193
383 193
382 194
381 195
380 195
380 196
379 196
379 197
378 197
378 198
377 198
376 199
375 199
375 200
374 200
374 201
373 201
373 202
372 202
372 203
371 203
370 204
369 205
368 206
368 207
367 207
367 208
366 208
366 209
365 209
365 210
364 210
364 211
364 212
363 212
363 213
363 214
362 214
362 215
362 216
362 217
362 218
361 218
361 219
362 219
362 220
362 221
363 218
362 222
362 223
363 223
363 224
363 225
364 225
364 226
365 226
365 227
366 227
366 228
367 229
367 230
368 230
369 231
369 232
370 232
370 233
371 233
371 234
372 234
373 235
374 236
375 236
375 237
376 237
376 238
377 239
377 240
378 240
378 241
379 241
379 242
380 242
380 243
381 243
381 244
381 245
382 245
382 246
383 246
383 247
383 248
384 249
384 250
384 251
384 252
385 252
385 253
385 254
385 255
385 256
385 257
385 258
385 259
384 259
384 260
384 261
386 257
384 262
386 258
384 263
384 264
383 265
383 266
383 267
383 268
382 268
382 269
382 270
382 271
381 272
381 273
381 274
380 274
380 275
380 276
380 277
379 277
379 278
379 279
378 279
378 280
378 281
378 282
377 282
377 283
377 284
376 284
376 285
376 286
375 287
375 288
375 289
374 289
374 290
374 291
373 291
373 292
373 293
372 294
372 295
371 296
371 297
370 298
370 299
369 299
369 300
369 301
368 302
368 303
367 304
367 305
366 306
366 307
366 308
365 308
365 309
365 310
364 310
364 311
364 312
363 312
363 313
363 314
362 315
362 316
362 317
361 317
361 318
361 319
360 319
360 320
360 321
359 321
359 322
359 323
358 324
358 325
358 326
357 326
357 327
357 328
357 329
356 329
356 330
356 331
356 332
355 333
355 334
355 335
355 336
355 337
355 338
355 339
354 339
354 340
355 340
355 341
355 342
355 343
355 344
355 345
356 345
356 346
356 347
356 348
357 348
357 349
357 350
358 350
358 351
358 352
359 352
359 353
359 354
359 355
359 356
360 356
360 357
360 358
360 359
360 360
359 360
359 361
359 362
359 363
359 364
358 364
358 365
358 366
358 367
357 367
357 368
357 369
356 370
356 371
356 372
355 372
355 373
355 374
354 374
354 375
354 376
353 376
353 377
353 378
352 378
352 379
352 380
351 380
351 381
350 382
350 383
349 384
349 385
348 386
348 387
347 387
347 388
347 389
346 389
346 390
345 391
345 392
344 392
344 393
344 394
343 394
343 395
342 396
342 397
341 398
341 399
340 399
