t.p
2 100
3 172
73 374
82 370
80 356
98 321
141 308
142 306
129 286
152 200
160 198
172 178
123 79
126 59
187 80
188 81
220 63
239 73
241 98
252 145
267 150
275 158
308 204
310 211
310 215
318 228
343 237
366 251
368 253
end
0 98
1 98
1 99
0 97
2 99
1 97
2 100
2 101
0 96
3 98
0 101
2 98
0 100
0 99
2 102
1 96
1 100
2 103
3 99
1 101
2 104
2 97
2 105
3 100
1 105
4 101
3 101
1 106
0 102
1 102
4 102
3 102
1 107
0 103
1 103
4 103
3 103
1 108
0 104
1 104
4 104
2 106
3 104
0 108
0 105
4 105
2 107
3 105
0 109
0 110
0 106
3 106
0 111
0 107
3 107
1 109
4 108
1 111
3 108
1 110
2 108
3 109
0 112
2 109
3 110
0 113
2 110
3 111
0 114
2 111
2 112
1 112
2 113
1 113
2 114
1 114
1 115
0 115
1 116
0 116
0 117
0 119
1 120
0 120
1 121
0 121
1 122
0 122
0 128
1 123
0 123
0 129
1 124
0 124
0 130
1 125
0 125
0 131
1 126
0 126
0 132
2 127
1 127
0 127
0 133
3 128
2 128
1 128
1 133
3 129
2 129
1 129
1 134
3 130
2 130
1 130
1 135
3 131
0 134
2 131
1 131
1 136
4 132
0 136
3 132
0 135
2 132
1 132
1 137
5 133
0 138
4 133
0 137
3 133
2 133
1 138
7 133
1 139
6 133
2 138
7 134
1 140
6 134
5 134
4 134
3 134
2 134
2 139
7 135
1 141
6 135
5 135
4 135
3 135
2 135
2 140
7 136
1 142
6 136
5 136
4 136
3 136
2 136
2 141
6 137
5 137
4 137
3 137
2 137
2 142
6 138
1 143
5 138
4 138
3 138
2 143
7 138
3 144
7 139
2 144
6 139
5 139
4 139
3 139
0 139
3 145
7 140
2 145
6 140
5 140
4 140
3 140
0 140
3 146
6 141
5 141
4 141
3 141
0 141
3 147
6 142
2 146
5 142
4 142
3 142
0 142
3 148
6 143
2 147
5 143
4 143
3 143
0 143
3 149
7 144
6 144
5 144
4 144
1 144
3 150
7 145
6 145
5 145
4 145
1 145
4 150
7 146
6 146
5 146
4 146
1 146
4 151
7 147
3 151
6 147
5 147
4 147
1 147
4 152
7 148
3 152
6 148
5 148
4 148
1 148
2 148
4 153
7 149
3 153
6 149
5 149
4 149
1 149
2 149
4 154
7 150
3 154
6 150
5 150
1 150
2 150
4 155
8 150
4 156
7 151
6 151
5 151
4 157
6 152
5 152
4 158
6 153
5 153
4 159
5 154
4 160
5 155
4 161
5 156
4 162
4 163
4 164
5 159
4 165
5 160
3 160
4 166
5 161
3 161
4 167
6 162
5 162
3 162
4 168
6 163
5 163
3 163
3 168
5 164
3 169
3 170
3 171
3 167
3 172
2 172
2 173
4 169
2 174
4 170
1 174
4 171
1 175
3 173
1 176
1 172
2 171
0 176
1 173
0 177
2 175
4 174
3 174
0 174
0 175
3 175
1 177
3 176
2 176
0 178
3 177
2 177
2 178
1 178
2 179
1 179
0 179
2 180
1 180
0 180
1 181
0 181
1 182
0 182
0 183
34 399
35 399
36 398
37 397
38 397
39 396
34 398
40 395
36 399
35 398
41 395
37 398
36 397
41 394
37 396
42 394
38 399
38 398
39 397
38 396
43 393
39 398
40 396
39 395
44 392
38 395
40 397
40 394
45 392
41 397
41 396
42 395
45 391
39 394
43 394
41 392
41 393
46 391
42 396
45 394
42 391
44 394
42 392
42 393
47 390
43 395
47 393
43 389
46 393
43 390
45 393
43 391
44 393
43 392
48 390
48 392
44 388
47 392
44 389
46 392
44 390
44 391
48 389
49 392
45 388
45 389
45 390
49 389
49 391
45 387
48 391
47 391
50 388
50 391
46 387
46 388
46 389
46 390
51 388
51 390
47 386
50 390
47 387
49 390
47 388
47 389
51 387
52 390
48 386
48 387
48 388
52 387
52 389
48 385
51 389
50 389
52 386
53 389
49 385
49 386
49 387
49 388
53 386
54 388
50 384
53 388
50 385
52 388
50 386
50 387
54 386
55 388
51 384
51 385
51 386
54 385
55 387
51 383
54 387
53 387
55 385
56 387
52 383
52 384
52 385
56 384
56 386
52 382
55 386
57 384
57 386
53 382
53 383
53 384
53 385
57 383
58 386
54 382
54 383
54 384
58 383
58 385
54 381
57 385
56 385
59 382
59 385
55 381
55 382
55 383
55 384
60 382
60 384
56 380
59 384
56 381
58 384
56 382
56 383
60 381
61 384
57 380
57 381
57 382
61 381
61 383
57 379
60 383
59 383
61 380
62 383
58 379
58 380
58 381
58 382
62 380
63 382
59 378
62 382
59 379
61 382
59 380
59 381
63 380
64 382
60 378
60 379
60 380
63 379
64 381
60 377
63 381
62 381
64 379
61 379
65 378
61 378
66 378
64 380
62 378
62 379
66 377
65 380
63 378
67 377
66 379
63 376
65 379
63 377
68 376
64 377
64 378
69 376
68 378
65 375
67 378
65 376
65 377
69 375
66 380
69 378
66 375
66 376
70 375
68 377
71 375
70 377
67 374
69 377
67 375
67 376
71 374
70 376
68 374
68 375
72 374
71 376
69 374
73 374
69 373
73 373
70 374
74 373
73 375
71 373
72 375
75 373
71 372
75 372
72 373
76 372
77 372
78 372
78 371
79 371
80 371
81 371
81 370
82 370
82 369
82 368
82 367
82 366
81 365
81 364
81 363
80 362
80 361
80 360
80 359
79 359
79 358
79 357
79 356
80 356
80 355
80 354
80 353
80 352
80 351
81 351
81 350
79 354
81 349
79 353
81 348
78 352
79 352
82 347
78 351
79 351
82 346
81 353
81 352
82 345
79 350
80 350
83 345
79 349
80 349
83 344
79 348
80 348
83 343
80 347
82 349
81 347
82 348
83 342
80 346
81 346
83 346
84 342
80 345
81 345
84 345
82 343
82 344
84 341
83 348
83 347
86 345
85 345
84 340
80 344
81 344
85 344
84 344
85 340
80 343
81 343
85 343
83 341
84 343
85 339
80 342
81 342
82 342
85 342
83 340
85 338
87 342
84 339
86 342
86 337
81 341
82 341
87 341
84 338
86 341
85 341
86 336
80 340
81 340
82 340
87 340
84 337
86 340
87 335
88 340
85 337
87 334
81 339
82 339
83 339
88 339
85 336
87 339
86 339
88 333
80 338
81 338
82 338
83 338
87 338
86 338
88 332
82 337
83 337
88 337
86 335
87 337
89 332
82 336
83 336
84 336
88 336
86 334
87 336
89 331
83 335
84 335
85 335
89 335
87 333
88 335
89 330
84 334
85 334
90 334
87 331
89 334
87 332
88 334
90 330
85 333
86 333
92 333
88 329
91 333
88 330
90 333
88 331
89 333
90 329
85 332
86 332
92 332
88 328
91 332
90 332
91 328
93 332
89 328
89 329
91 327
86 331
93 331
89 327
92 331
91 331
90 331
92 327
86 330
87 330
93 330
89 326
92 330
91 330
92 326
94 330
90 326
90 327
90 328
93 326
87 329
94 329
90 325
93 329
92 329
91 329
93 325
95 328
91 324
94 328
91 325
93 328
91 326
92 328
94 324
88 327
95 327
91 323
94 327
93 327
94 323
96 327
92 323
92 324
92 325
95 323
96 326
92 322
95 326
94 326
95 322
97 326
93 322
93 323
93 324
96 322
97 325
93 321
96 325
95 325
94 325
96 321
98 324
94 320
97 324
94 321
96 324
94 322
95 324
97 321
98 323
94 319
97 323
96 323
98 321
99 323
95 319
95 320
95 321
98 320
98 322
97 322
99 320
96 320
99 319
100 319
97 320
100 318
101 318
102 318
103 317
104 317
105 317
105 316
106 316
107 316
108 315
109 315
110 315
111 315
111 314
112 314
113 314
114 314
115 314
115 313
116 313
117 313
118 313
119 313
120 312
121 312
122 312
123 312
124 312
125 311
126 311
127 311
128 311
129 311
130 311
130 310
131 310
132 310
133 310
134 310
135 310
135 309
136 309
137 309
138 309
139 308
140 308
141 308
141 307
141 306
142 306
141 305
141 304
141 303
140 303
140 302
139 302
139 301
138 301
138 300
137 300
137 299
136 299
136 298
135 298
135 297
134 297
134 296
134 295
133 295
133 294
132 294
134 298
133 297
132 293
131 293
131 292
131 291
130 291
130 290
130 289
129 289
129 288
129 287
129 286
128 285
128 284
128 283
128 282
128 281
128 280
128 279
128 278
128 277
129 282
128 276
129 281
128 275
128 274
129 273
129 272
129 271
129 270
129 269
129 268
129 267
129 266
130 266
130 265
130 264
130 263
130 262
130 261
130 260
131 260
131 259
131 258
131 257
131 256
132 255
132 254
132 253
132 252
132 251
133 251
133 250
133 249
133 248
133 247
134 246
134 245
134 244
134 243
135 243
135 242
135 241
135 240
135 239
136 239
136 238
136 237
136 236
137 235
137 234
137 233
137 232
138 232
138 231
138 230
138 229
139 229
139 228
139 227
139 226
140 226
140 225
140 224
138 228
140 223
141 223
141 222
141 221
141 220
142 220
142 219
142 218
142 217
143 217
143 216
143 215
144 215
144 214
144 213
145 212
145 211
145 210
146 210
146 209
146 208
147 207
147 206
148 205
148 204
149 204
149 203
149 202
150 202
150 201
151 201
151 200
152 200
152 199
153 199
153 198
154 198
155 198
156 198
157 198
158 198
159 198
160 198
160 197
161 197
161 196
162 196
162 195
163 195
163 194
164 194
164 193
165 193
165 192
166 192
166 191
167 190
167 189
168 189
168 188
168 187
169 187
169 186
169 185
170 185
170 184
170 183
171 183
171 182
171 181
171 180
171 179
171 178
172 178
172 177
171 176
171 175
171 174
171 173
171 172
171 171
170 170
170 169
170 168
169 167
169 166
169 165
168 165
168 164
168 163
167 162
167 161
167 160
166 160
166 159
166 158
165 158
165 157
165 156
164 156
164 155
164 154
163 154
163 153
162 152
162 151
161 150
161 149
160 148
160 147
159 147
159 146
159 145
158 144
158 143
157 143
157 142
156 141
156 140
155 139
155 138
154 138
154 137
154 136
153 136
153 135
152 135
152 134
152 133
151 133
151 132
150 131
150 130
149 129
149 128
148 128
148 127
147 126
147 125
146 125
146 124
148 129
146 123
149 127
145 123
149 126
147 128
148 126
147 127
146 126
145 122
149 125
148 125
147 124
144 121
146 127
145 125
144 120
148 124
145 124
143 119
148 123
147 123
146 122
142 118
144 123
142 117
147 122
144 122
145 121
141 116
146 121
143 121
141 115
146 120
145 120
143 120
144 119
140 115
145 119
142 119
143 118
140 114
144 118
142 120
141 118
139 113
144 117
143 117
141 117
142 116
139 112
143 116
140 116
138 111
143 115
142 115
141 114
138 110
140 117
139 115
137 110
142 114
139 114
140 113
137 109
141 113
138 113
136 108
141 112
140 112
138 112
139 111
136 107
140 111
137 111
135 106
140 110
139 110
138 109
135 105
137 112
136 110
134 105
139 109
136 109
137 108
134 104
138 108
135 108
133 103
138 107
137 107
135 107
136 106
133 102
137 106
134 106
133 101
137 105
136 105
135 104
132 101
134 107
133 105
132 100
136 104
133 104
134 103
131 99
135 103
132 103
131 98
135 102
134 102
132 102
130 97
135 101
134 101
133 100
130 96
131 101
129 96
134 100
131 100
132 99
129 95
133 99
130 99
129 94
133 98
132 98
130 98
131 97
128 94
132 97
129 97
128 93
132 96
131 96
130 95
128 92
129 98
128 96
127 92
131 95
128 95
127 91
131 94
130 94
129 93
127 90
127 94
126 90
130 93
127 93
126 89
130 92
129 92
128 91
126 88
126 92
125 87
129 91
126 91
125 86
128 90
125 85
124 85
124 84
124 83
123 82
123 81
123 80
123 79
122 78
122 77
122 76
122 75
122 74
124 79
123 78
122 73
124 78
122 72
124 77
123 77
122 71
124 76
123 76
122 70
124 75
123 75
122 69
124 74
123 74
122 68
121 73
124 73
123 73
122 67
121 72
124 72
123 72
122 66
120 71
121 71
124 71
123 71
122 65
120 70
121 70
125 70
124 70
123 70
122 64
120 69
121 69
125 69
124 69
123 69
122 63
120 68
121 68
125 68
124 68
123 68
122 62
120 67
121 67
125 67
124 67
123 67
123 62
120 66
121 66
125 66
124 66
123 66
123 61
120 65
121 65
125 65
124 65
123 65
123 60
119 64
120 64
121 64
125 64
122 61
124 64
123 64
124 60
119 63
120 63
121 63
125 63
122 60
124 63
123 63
124 59
118 62
119 62
120 62
121 62
125 62
122 59
124 62
125 59
126 62
123 59
126 59
119 61
120 61
121 61
126 61
123 58
125 61
124 61
126 58
118 60
119 60
120 60
121 60
126 60
123 57
125 60
127 58
127 60
124 57
124 58
128 58
119 59
120 59
121 59
127 59
124 56
129 58
128 59
125 56
125 57
125 58
130 58
126 65
126 64
126 63
129 59
126 56
126 57
131 58
120 58
121 58
122 58
126 55
132 58
127 63
127 62
127 61
127 56
127 57
133 58
128 62
128 61
128 60
128 57
134 58
129 62
129 61
129 60
129 57
135 58
130 62
130 61
130 60
130 59
130 57
135 59
131 62
131 61
131 60
131 59
131 57
136 59
132 61
132 60
132 59
137 59
133 61
133 60
133 59
138 59
134 60
134 59
139 59
135 60
139 60
140 60
141 60
142 60
143 61
144 61
145 61
146 62
147 62
148 62
149 63
150 63
151 63
151 64
152 64
153 64
154 64
154 65
155 65
156 65
157 66
158 66
159 66
159 67
160 67
161 67
161 68
162 68
163 68
164 69
165 69
166 69
166 70
167 70
168 70
169 71
170 71
171 72
172 72
173 72
173 73
174 73
175 73
175 74
176 74
177 74
177 75
178 75
179 75
179 76
180 76
181 76
181 77
182 77
183 77
183 78
184 78
185 78
185 79
186 79
187 79
187 80
188 81
188 80
189 80
190 80
190 79
191 79
192 79
192 78
193 78
193 77
194 77
195 77
195 76
196 76
196 75
197 75
198 74
199 74
199 73
200 73
200 72
201 72
202 72
202 71
203 71
203 70
204 70
205 70
205 69
206 69
206 68
207 68
208 68
208 67
209 67
209 66
210 66
211 66
211 65
212 65
213 65
213 64
214 64
215 64
215 63
216 63
217 63
218 63
219 63
220 63
220 62
221 63
222 63
223 63
224 63
225 63
226 63
226 64
227 64
228 64
228 65
229 65
230 65
231 66
232 66
232 67
233 67
234 67
234 68
235 68
235 69
236 69
236 70
237 70
237 71
238 71
238 72
239 72
239 73
239 74
240 74
240 75
240 76
240 77
240 78
240 79
240 80
240 81
240 82
240 83
240 84
240 85
240 86
240 87
240 88
240 89
240 90
240 91
240 92
240 93
240 94
240 95
240 96
240 97
241 97
241 98
241 99
241 100
241 101
241 102
241 103
241 104
242 105
242 106
242 107
242 108
242 109
242 110
242 111
242 112
243 113
243 114
243 115
243 116
243 117
243 118
243 119
244 120
244 121
244 122
244 123
244 124
244 125
245 125
245 126
245 127
245 128
245 129
245 130
246 130
246 131
246 132
246 133
246 134
247 134
247 135
247 136
247 137
248 137
248 138
248 139
248 140
249 140
249 141
249 142
250 142
250 143
251 143
251 144
252 144
252 145
253 145
253 146
254 146
254 147
255 147
256 147
257 147
258 147
258 148
259 148
260 148
261 148
262 148
263 148
264 148
264 149
265 149
266 149
267 150
268 150
268 151
269 151
269 152
270 152
270 153
271 153
271 154
272 154
272 155
273 155
273 156
274 156
274 157
275 157
275 158
275 159
276 159
276 160
277 160
277 161
278 161
278 162
279 162
279 163
279 164
280 164
280 165
281 165
281 166
282 166
282 167
283 168
283 169
284 169
284 170
285 170
285 171
286 171
286 172
286 173
287 173
287 174
288 174
288 175
289 176
289 177
290 177
290 178
291 178
291 179
292 180
292 181
293 181
293 182
294 182
294 183
294 184
295 184
295 185
296 185
296 186
297 187
297 188
298 188
298 189
299 190
299 191
300 191
300 192
301 192
301 193
301 194
302 194
302 195
303 195
303 196
303 197
304 197
304 198
305 198
305 199
305 200
306 200
306 201
306 202
307 202
307 203
308 203
308 204
308 205
308 206
309 206
309 207
309 208
309 209
309 210
310 211
310 212
309 212
309 213
309 214
310 215
310 216
310 217
311 217
311 218
311 219
312 220
312 221
313 221
313 222
313 223
314 223
314 224
315 224
315 225
315 226
316 226
316 227
317 227
318 228
319 228
319 229
320 229
321 229
321 230
322 230
323 230
323 231
324 231
325 231
326 231
326 232
327 232
328 232
329 232
330 232
330 233
331 233
332 233
333 233
334 233
334 234
335 234
336 234
337 234
337 235
338 235
339 235
340 235
340 236
341 236
342 236
343 236
343 237
344 237
345 238
346 238
346 239
347 239
348 239
348 240
349 240
350 240
350 241
351 241
352 241
352 242
353 242
353 243
354 243
355 243
355 244
356 244
357 244
357 245
358 245
358 246
359 246
360 246
360 247
361 247
361 248
362 248
363 248
363 249
364 249
364 250
365 250
366 251
367 252
368 253
369 254
370 255
371 256
