t.p
326 30
325 61
345 79
345 117
356 138
346 153
315 170
313 177
315 188
301 220
327 263
326 266
end
340 0
339 1
339 2
338 3
338 4
337 4
337 5
337 6
336 6
336 7
335 8
335 9
334 10
334 11
333 11
333 12
333 13
332 13
332 14
332 15
331 15
331 16
331 17
330 17
330 18
330 19
329 19
329 20
329 21
328 21
328 22
328 23
327 24
327 25
327 26
326 26
326 27
326 28
326 29
326 30
325 30
325 31
325 32
325 33
325 34
324 34
324 35
324 36
324 37
324 38
324 39
323 39
323 40
323 41
323 42
323 43
323 44
323 45
323 46
323 47
322 47
322 48
322 49
322 50
322 51
322 52
323 52
323 53
323 54
323 55
323 56
323 57
323 58
324 58
324 59
324 60
325 60
325 61
325 62
326 62
326 63
327 64
328 65
329 65
329 66
330 66
330 67
331 67
331 68
332 68
333 68
333 69
334 69
335 69
335 70
336 70
336 71
337 71
338 71
338 72
339 72
339 73
340 73
341 74
342 74
342 75
343 76
343 77
344 77
344 78
345 79
345 80
345 81
346 82
346 83
346 84
346 85
346 86
346 87
346 88
346 89
346 90
346 91
346 92
346 93
346 94
345 94
345 95
345 96
345 97
345 98
345 99
345 100
345 101
345 102
344 102
344 103
344 104
344 105
344 106
344 107
344 108
344 109
344 110
344 111
344 112
344 113
344 114
344 115
344 116
345 117
345 118
345 119
346 119
346 120
346 121
347 121
347 122
347 123
348 123
348 124
349 124
349 125
349 126
350 126
350 127
351 127
351 128
351 129
352 129
352 130
353 130
353 131
354 132
354 133
355 133
355 134
355 135
355 136
355 137
356 137
356 138
355 138
355 139
355 140
355 141
355 142
354 142
354 143
354 144
353 144
353 145
352 145
352 146
351 146
351 147
350 148
350 149
349 149
349 150
348 150
348 151
347 151
347 152
346 152
346 153
345 153
344 153
344 154
343 154
343 155
342 155
341 155
341 156
340 156
339 156
339 157
338 157
337 158
336 158
335 159
334 159
333 159
333 160
332 160
331 160
331 161
330 161
329 161
329 162
328 162
327 162
326 163
325 163
324 163
324 164
323 164
322 164
322 165
321 165
320 165
320 166
319 166
318 166
318 167
317 167
317 168
316 168
315 169
315 170
314 170
314 171
313 171
313 172
313 173
313 174
313 175
313 176
313 177
312 177
313 178
313 179
313 180
313 181
314 177
314 181
312 179
312 178
314 182
315 178
314 178
314 183
315 179
314 179
314 184
312 180
315 180
313 182
314 180
314 185
312 181
315 181
313 183
315 185
316 181
315 186
316 182
315 182
315 187
316 183
315 183
315 188
312 184
313 184
316 184
314 186
315 184
314 188
312 185
313 185
316 185
314 187
314 189
317 185
314 190
313 186
317 186
316 186
314 191
313 187
317 187
315 189
316 187
313 191
313 188
315 190
317 188
316 188
313 192
313 193
313 189
312 193
312 194
312 195
311 195
311 196
310 197
310 198
309 198
309 199
309 200
308 200
308 201
307 201
307 202
307 203
306 203
306 204
306 205
305 205
305 206
304 206
304 207
304 208
303 208
303 209
303 210
302 210
302 211
302 212
302 213
301 213
301 214
301 215
301 216
301 217
301 218
300 218
300 219
301 220
301 221
301 222
301 223
301 224
302 224
302 220
302 225
302 226
303 227
303 228
303 229
304 229
304 230
305 231
305 232
306 232
306 233
306 234
307 234
307 235
308 235
308 236
308 237
309 237
309 238
310 238
310 239
310 240
311 240
311 241
312 241
312 242
313 243
313 244
314 244
314 245
315 245
315 246
316 246
316 247
317 248
317 249
318 249
318 250
319 250
319 251
320 252
320 253
321 253
321 254
322 254
322 255
323 256
323 257
324 257
324 258
325 258
325 259
325 260
326 260
326 261
326 262
327 263
326 263
326 264
326 265
325 265
326 266
327 264
326 267
325 263
327 268
325 264
327 269
328 269
328 270
329 270
329 271
328 268
327 267
330 271
330 272
330 269
328 267
329 269
331 272
327 270
328 271
331 270
330 270
331 273
333 270
329 266
332 270
329 267
329 268
332 273
329 272
333 271
332 271
331 271
332 274
334 271
330 267
330 268
333 274
330 273
334 272
333 272
332 272
333 275
335 272
331 268
331 269
334 276
331 274
336 273
335 273
334 273
333 273
335 277
332 269
336 278
332 275
335 274
334 274
337 278
337 274
336 274
337 279
333 276
337 275
336 275
335 275
334 275
338 280
334 277
338 276
337 276
336 276
335 276
339 280
335 278
339 277
338 277
337 277
336 277
339 281
336 279
339 278
338 278
340 282
340 278
341 283
337 280
340 279
339 279
338 279
342 283
336 280
338 282
338 281
341 280
340 280
342 284
339 282
342 280
343 285
337 281
339 283
342 281
341 281
340 281
344 285
340 284
340 283
343 282
342 282
341 282
344 286
341 285
341 284
344 283
343 283
345 286
342 285
345 283
345 287
342 286
345 284
344 284
343 284
346 287
340 285
343 288
343 287
343 286
346 285
345 285
346 288
344 289
344 288
344 287
347 285
344 282
347 288
340 286
344 290
341 286
347 286
346 286
347 289
345 290
345 289
345 288
348 286
348 289
341 287
345 291
342 287
348 287
347 287
348 290
346 291
346 290
346 289
349 287
346 284
349 290
342 288
346 292
349 288
348 288
350 291
347 292
347 291
347 290
350 288
351 292
343 289
347 293
350 289
349 289
352 293
348 293
348 292
348 291
351 289
353 294
348 294
350 290
354 295
349 294
349 293
349 292
349 291
351 290
355 296
350 295
350 294
350 293
350 292
352 291
351 291
356 296
351 296
351 295
351 294
351 293
354 292
353 292
352 292
356 297
352 297
352 296
352 295
352 294
355 293
352 290
354 293
353 293
357 297
353 298
353 297
353 296
353 295
356 294
353 291
355 294
354 294
357 298
354 299
354 298
354 297
354 296
356 295
355 295
358 298
355 300
355 299
355 298
355 297
357 296
359 299
356 300
356 299
356 298
358 296
360 300
356 301
359 297
358 297
361 301
357 301
357 300
357 299
357 295
362 302
357 302
359 298
363 303
358 302
358 301
358 300
358 299
360 298
364 304
359 304
359 303
359 302
359 301
359 300
361 299
360 299
365 305
360 305
360 304
360 303
360 302
360 301
362 300
361 300
366 305
361 306
361 305
361 304
361 303
361 302
363 301
362 301
367 306
362 307
362 306
362 305
362 304
362 303
364 302
363 302
368 307
358 303
363 308
363 307
363 306
363 305
363 304
365 303
364 303
369 308
364 309
364 308
364 307
364 306
364 305
367 304
364 301
366 304
365 304
370 309
365 310
365 309
365 308
365 307
365 306
368 305
365 302
367 305
371 310
366 310
366 309
366 308
366 307
366 306
366 303
372 311
367 311
367 310
367 309
367 308
367 307
369 306
368 306
373 311
368 312
368 311
368 310
368 309
368 308
370 307
369 307
373 312
369 313
369 312
369 311
369 310
369 309
371 308
370 308
374 312
370 314
370 313
370 312
370 311
370 310
372 309
371 309
374 313
371 315
371 314
371 313
371 312
371 311
373 310
372 310
375 313
372 316
372 315
372 314
372 313
372 312
374 311
375 314
373 316
373 315
373 314
373 313
375 311
373 309
376 314
373 317
375 312
376 315
374 317
374 316
374 315
374 314
376 312
374 310
377 315
368 313
374 319
374 318
376 313
378 316
375 319
375 318
375 317
375 316
375 315
377 313
379 317
369 314
375 320
377 314
380 318
376 320
376 319
376 318
376 317
376 316
378 314
381 318
370 315
376 321
378 315
381 319
377 321
377 320
377 319
377 318
377 317
377 316
379 315
382 319
378 322
378 321
378 320
378 319
378 318
378 317
380 316
379 316
382 320
379 323
379 322
379 321
379 320
379 319
379 318
381 317
380 317
383 320
380 324
380 323
380 322
380 321
380 320
380 319
382 318
384 321
381 324
381 323
381 322
381 321
381 320
383 318
381 316
385 322
381 325
383 319
386 322
382 325
382 324
382 323
382 322
382 321
384 319
382 317
386 323
382 326
384 320
387 324
383 326
383 325
383 324
383 323
383 322
383 321
385 320
388 324
384 327
384 326
384 325
384 324
384 323
384 322
386 321
385 321
388 325
385 328
385 327
385 326
385 325
385 324
385 323
387 322
389 325
386 328
386 327
386 326
386 325
386 324
388 322
386 320
389 326
386 329
388 323
387 323
390 326
387 330
387 329
387 328
387 327
387 326
387 325
389 324
390 327
388 330
388 329
388 328
388 327
388 326
390 324
391 327
390 325
392 328
389 330
389 329
389 328
389 327
391 325
389 323
393 329
389 331
391 326
394 329
390 331
390 330
390 329
390 328
392 326
394 330
390 332
392 327
395 330
391 332
391 331
391 330
391 329
391 328
393 327
395 331
392 333
392 332
392 331
392 330
392 329
394 328
393 328
396 331
393 334
393 333
393 332
393 331
393 330
395 329
396 332
394 333
394 332
394 331
397 332
397 333
395 332
398 333
395 333
398 334
399 334
399 335
399 333
