t.p
1 336
2 337
44 245
91 223
109 171
73 148
10 60
13 37
10 24
end
0 335
1 336
2 337
2 336
0 334
3 336
3 335
1 335
3 334
1 337
0 336
4 334
2 338
3 337
4 333
4 336
2 334
2 335
4 332
5 336
5 332
5 335
3 333
4 335
5 331
1 334
5 334
3 332
5 330
6 334
6 329
2 333
6 333
4 331
5 333
6 328
2 332
6 332
4 330
6 327
7 332
7 327
3 331
7 331
5 329
6 331
7 326
3 330
8 330
5 327
7 330
5 328
6 330
7 325
4 329
9 329
6 326
8 329
7 329
7 324
3 328
4 328
10 328
6 324
9 328
6 325
8 328
7 328
8 324
3 327
4 327
10 327
6 323
9 327
8 327
8 323
11 327
7 323
8 322
3 326
4 326
5 326
11 326
7 322
10 326
9 326
8 326
9 321
3 325
4 325
5 325
11 325
7 321
10 325
9 325
8 325
9 320
3 324
4 324
5 324
11 324
7 320
10 324
9 324
9 319
12 324
8 320
8 321
10 318
4 323
5 323
12 323
8 319
11 323
10 323
9 323
10 317
4 322
5 322
6 322
12 322
8 318
11 322
10 322
9 322
10 316
5 321
6 321
13 321
9 317
12 321
9 318
11 321
10 321
11 316
5 320
6 320
13 320
9 316
12 320
11 320
10 320
11 315
5 319
6 319
7 319
13 319
9 315
12 319
11 319
10 319
11 314
6 318
7 318
14 318
10 314
13 318
10 315
12 318
11 318
12 313
6 317
7 317
8 317
14 317
10 313
13 317
12 317
11 317
12 312
6 316
7 316
8 316
14 316
10 312
13 316
12 316
12 311
15 316
11 312
11 313
13 310
7 315
8 315
15 315
11 311
14 315
13 315
12 315
13 309
7 314
8 314
9 314
15 314
11 310
14 314
13 314
12 314
13 308
8 313
9 313
16 313
12 309
15 313
12 310
14 313
13 313
14 307
8 312
9 312
16 312
12 308
15 312
14 312
13 312
14 306
8 311
9 311
10 311
16 311
12 307
15 311
14 311
13 311
14 305
9 310
10 310
17 310
13 306
16 310
13 307
15 310
14 310
15 304
9 309
10 309
11 309
17 309
13 305
16 309
15 309
14 309
15 303
9 308
10 308
11 308
17 308
13 304
16 308
15 308
14 308
16 302
10 307
11 307
16 307
15 307
16 301
10 306
11 306
12 306
16 306
14 304
15 306
16 300
10 305
11 305
12 305
16 305
14 303
15 305
16 299
11 304
12 304
17 304
15 302
16 304
17 299
11 303
12 303
13 303
17 303
15 301
16 303
17 298
12 302
13 302
14 302
18 302
17 302
17 297
12 301
13 301
14 301
18 301
17 301
18 296
12 300
13 300
14 300
15 300
18 300
16 298
17 300
18 295
12 299
13 299
14 299
15 299
18 299
16 297
18 294
19 299
19 293
13 298
14 298
15 298
19 298
17 296
18 298
19 292
13 297
14 297
15 297
19 297
17 295
18 297
19 291
14 296
15 296
16 296
20 296
19 296
20 291
14 295
15 295
16 295
20 295
18 293
19 295
20 290
14 294
15 294
16 294
17 294
20 294
18 292
19 294
20 289
14 293
15 293
16 293
17 293
21 293
20 293
21 288
14 292
15 292
16 292
17 292
22 292
19 289
21 292
19 290
20 292
21 287
13 291
14 291
15 291
16 291
17 291
18 291
21 291
21 286
22 291
22 286
15 290
16 290
17 290
18 290
22 290
20 288
21 290
22 285
16 289
17 289
18 289
22 289
20 287
21 289
22 284
17 288
18 288
19 288
24 288
21 285
23 288
22 288
23 283
17 287
18 287
19 287
23 287
22 287
23 282
17 286
18 286
19 286
20 286
23 286
21 284
23 281
24 286
24 281
17 285
18 285
19 285
20 285
24 285
22 283
23 285
24 280
18 284
19 284
20 284
24 284
22 282
23 284
24 279
19 283
20 283
21 283
25 283
24 283
25 278
19 282
20 282
21 282
25 282
23 280
24 282
25 277
19 281
20 281
21 281
22 281
25 281
23 279
25 276
26 281
26 276
21 280
22 280
26 280
24 278
25 280
26 275
21 279
22 279
26 279
24 277
25 279
26 274
22 278
23 278
27 278
26 278
27 273
22 277
23 277
27 277
25 275
26 277
27 272
22 276
23 276
24 276
27 276
25 274
28 272
28 276
28 271
23 275
24 275
28 275
26 273
27 275
28 270
23 274
24 274
28 274
26 272
27 274
29 269
24 273
25 273
29 273
27 271
28 273
29 268
24 272
25 272
29 272
27 270
29 267
30 272
30 267
25 271
26 271
30 271
28 269
29 271
30 266
25 270
26 270
30 270
28 268
29 270
30 265
26 269
27 269
31 269
30 269
31 265
26 268
27 268
31 268
29 266
30 268
31 264
26 267
27 267
28 267
31 267
29 265
31 263
32 267
32 263
27 266
28 266
32 266
30 264
31 266
32 262
28 265
32 265
30 263
32 261
33 265
33 261
29 264
33 264
31 262
32 264
33 260
29 263
33 263
31 261
33 259
34 263
34 259
30 262
34 262
32 260
33 262
34 258
30 261
34 261
32 259
35 257
35 261
35 256
31 260
35 260
33 258
34 260
36 255
31 259
35 259
33 257
36 254
36 259
34 257
37 254
32 258
36 258
34 256
35 258
37 253
37 257
35 255
36 257
38 252
33 256
37 256
35 254
36 256
38 251
34 255
38 255
36 253
37 255
39 250
34 254
38 254
36 252
40 249
39 254
37 252
40 248
35 253
39 253
37 251
38 253
41 248
40 252
38 250
39 252
41 247
36 251
40 251
38 249
39 251
42 247
40 250
39 249
42 246
42 249
40 247
41 249
43 245
44 245
42 248
44 244
41 246
45 244
45 243
46 243
43 244
46 242
47 242
47 241
48 241
49 240
50 240
50 239
51 239
52 239
52 238
53 238
54 238
54 237
55 237
56 237
57 236
58 236
59 236
59 235
60 235
61 235
62 235
63 234
64 234
65 234
66 234
66 233
67 233
68 233
69 233
70 232
71 232
72 232
73 232
73 231
74 231
75 231
76 231
77 230
78 230
79 230
80 229
81 229
82 229
82 228
83 228
84 228
84 227
85 227
86 227
86 226
87 226
87 225
88 225
88 224
89 224
90 223
91 223
91 222
92 221
92 220
93 220
93 219
94 219
94 218
95 217
95 216
96 216
96 215
97 214
97 213
98 213
98 212
98 211
99 211
99 210
100 209
100 208
101 207
101 206
102 205
102 204
103 203
103 202
104 201
104 200
104 199
105 199
105 198
105 197
106 196
106 195
106 194
107 193
107 192
107 191
107 190
108 190
108 189
108 188
108 187
108 186
109 186
109 185
109 184
109 183
109 182
109 181
109 180
109 179
110 179
110 178
110 177
110 176
109 176
109 175
109 174
109 173
109 172
109 171
108 170
108 169
108 168
107 168
107 167
106 167
106 166
105 166
105 165
104 165
104 164
103 164
102 164
102 163
101 163
101 162
100 162
99 162
99 161
98 161
97 161
97 160
96 160
95 160
94 159
93 159
92 159
92 158
91 158
90 158
89 157
88 157
87 157
87 156
86 156
85 156
85 155
84 155
83 155
83 154
82 154
81 154
81 153
80 153
79 153
79 152
78 152
77 151
76 151
76 150
75 150
75 149
74 149
73 148
72 147
71 146
70 145
69 144
68 143
67 142
66 141
65 140
64 139
64 138
63 138
62 137
62 136
61 136
61 135
60 135
60 134
59 134
59 133
58 133
58 132
57 131
57 130
56 130
55 129
55 128
54 128
54 127
53 127
53 126
52 125
51 125
51 124
50 123
50 122
49 122
49 121
48 121
48 120
47 119
46 118
46 117
45 117
45 116
44 116
44 115
43 114
42 113
42 112
41 112
41 111
40 111
40 110
39 109
39 108
38 108
38 107
37 107
37 106
36 105
35 104
35 103
34 103
34 102
33 101
32 100
32 99
31 99
31 98
30 97
30 96
29 95
29 94
28 94
28 93
27 93
27 92
26 91
26 90
25 90
25 89
24 88
24 87
23 87
23 86
22 85
22 84
21 84
21 83
20 82
20 81
19 80
19 79
18 79
18 78
18 77
17 77
17 76
16 75
16 74
15 73
15 72
14 72
14 71
14 70
13 70
13 69
13 68
12 68
12 67
12 66
11 65
11 64
11 63
10 62
10 61
10 60
9 59
9 58
9 57
9 56
9 55
9 54
9 53
9 52
9 51
9 50
10 50
10 49
10 48
10 47
10 46
11 46
11 45
11 44
11 43
12 43
12 42
12 41
12 40
12 39
12 38
13 38
13 37
12 36
12 35
12 34
12 33
11 33
11 32
11 31
10 31
10 30
10 29
10 28
9 28
9 27
9 26
9 25
9 24
10 24
10 23
10 22
11 21
11 20
12 20
12 19
13 19
13 18
12 21
14 17
11 19
14 16
15 16
15 15
16 15
16 14
17 14
17 13
18 13
19 12
19 11
20 11
21 10
22 9
23 9
23 8
24 8
24 7
25 7
25 6
26 6
27 5
28 4
29 4
29 3
30 3
30 2
31 2
32 1
33 0
34 0
35 0
