t.p
23 27
140 84
153 98
73 177
68 268
72 273
165 262
190 342
251 355
269 312
243 248
315 213
321 186
272 125
259 89
349 113
350 135
end
23 27
24 27
24 28
25 28
26 28
26 29
27 29
28 29
28 30
29 30
30 30
30 31
31 31
32 31
32 32
33 32
34 32
34 33
35 33
36 33
37 34
38 34
39 34
39 35
40 35
41 36
42 36
43 36
43 37
44 37
45 37
46 38
47 38
48 39
49 39
50 40
51 40
52 40
52 41
53 41
54 41
55 42
56 42
57 43
58 43
59 44
60 44
61 45
62 45
63 45
63 46
64 46
65 46
66 47
67 47
68 48
69 48
70 49
71 49
72 49
72 50
73 50
74 51
75 51
76 51
76 52
77 52
78 52
79 53
80 53
81 54
82 54
83 54
83 55
84 55
85 56
86 56
87 56
87 57
88 57
89 57
90 58
91 58
92 59
93 59
94 60
95 60
96 61
97 61
98 62
99 62
100 62
100 63
101 63
102 63
103 64
104 65
105 65
106 65
106 66
107 66
108 66
109 67
110 67
111 68
112 68
113 69
114 69
115 70
116 70
117 71
118 71
119 72
120 72
121 73
122 73
123 74
124 74
124 75
125 75
126 75
127 76
128 76
128 77
129 77
130 77
130 78
131 78
132 79
133 79
134 80
135 80
135 81
136 81
137 81
137 82
138 82
138 83
139 83
140 84
141 84
141 85
142 85
142 86
143 86
144 86
144 87
145 87
145 88
146 88
147 88
147 89
148 89
148 90
149 90
149 91
150 91
150 92
151 92
151 93
152 93
152 94
152 95
152 96
152 97
153 97
153 98
152 98
152 99
152 100
152 101
151 101
151 102
151 103
150 103
150 104
149 104
149 105
148 106
148 107
147 107
147 108
146 108
146 109
145 109
145 110
144 110
144 111
143 111
143 112
142 112
141 113
140 114
139 114
139 115
138 115
138 116
137 116
137 117
136 117
135 118
134 118
134 119
133 120
132 120
132 121
131 121
130 122
129 123
128 123
128 124
127 124
127 125
126 125
125 126
124 126
124 127
123 127
122 128
121 129
120 129
120 130
119 130
119 131
118 131
117 132
116 132
116 133
115 133
115 134
114 134
114 135
113 135
112 136
111 136
111 137
110 137
110 138
109 138
108 139
107 140
106 140
106 141
105 141
104 142
103 143
102 144
101 145
100 145
99 146
98 147
97 148
96 149
95 150
94 150
94 151
93 151
93 152
92 152
92 153
91 153
91 154
90 154
90 155
89 155
88 156
87 157
86 158
86 159
85 159
85 160
84 160
83 161
83 162
82 162
82 163
81 163
81 164
80 165
79 166
78 167
78 168
77 168
77 169
76 170
76 171
75 171
75 172
74 173
74 174
73 175
73 176
73 177
72 177
72 178
72 179
71 179
71 180
71 181
70 182
70 183
70 184
69 185
69 186
69 187
69 188
68 188
68 189
68 190
68 191
68 192
67 193
67 194
67 195
67 196
67 197
66 198
66 199
66 200
66 201
66 202
66 203
66 204
65 204
65 205
65 206
65 207
65 208
65 209
65 210
65 211
65 212
65 213
65 214
64 215
64 216
64 217
64 218
64 219
64 220
64 221
64 222
64 223
64 224
64 225
64 226
64 227
64 228
64 229
64 230
64 231
64 232
64 233
64 234
64 235
64 236
64 237
64 238
64 239
64 240
64 241
64 242
64 243
64 244
64 245
64 246
64 247
65 247
65 248
65 249
65 250
65 251
65 252
65 253
65 254
65 255
65 256
65 257
66 257
66 258
66 259
66 260
66 261
66 262
66 263
67 264
67 265
67 266
67 267
67 268
68 268
68 269
68 270
69 270
69 271
70 271
70 272
71 272
71 273
72 273
73 273
74 273
75 273
76 273
77 273
78 273
79 273
80 273
80 272
81 272
82 272
83 272
84 272
85 272
85 271
86 271
87 271
88 271
89 271
90 270
91 270
92 270
93 270
94 269
95 269
96 269
97 269
97 268
98 268
99 268
100 268
101 267
102 267
103 267
104 267
105 266
106 266
107 266
108 266
109 265
110 265
111 265
112 265
113 264
114 264
115 264
116 264
116 263
117 263
118 263
119 263
120 263
120 262
121 262
122 262
123 262
124 262
125 262
125 261
126 261
127 261
128 261
129 261
130 260
131 260
132 260
133 260
134 260
135 260
136 259
137 259
138 259
139 259
140 259
141 259
142 259
143 259
143 258
144 258
145 258
146 258
147 258
148 258
149 258
150 258
151 258
152 258
153 258
154 258
155 258
155 259
156 259
157 259
158 259
159 259
160 259
160 260
161 260
162 260
163 260
163 261
164 261
165 262
166 262
166 263
167 263
167 264
168 264
168 265
169 265
169 266
169 267
170 267
170 268
171 268
171 269
171 270
172 270
172 271
172 272
172 273
173 273
173 274
173 275
174 276
174 277
174 278
174 279
175 279
175 280
175 281
175 282
175 283
175 284
176 284
176 285
176 286
176 287
176 288
176 289
176 290
177 291
177 292
177 293
177 294
177 295
177 296
177 297
177 298
178 298
178 299
178 300
178 301
178 302
178 303
178 304
178 305
178 306
178 307
179 307
179 308
179 309
179 310
179 311
179 312
179 313
179 314
179 315
180 315
180 316
180 317
180 318
180 319
180 320
180 321
181 321
181 322
181 323
181 324
181 325
182 326
182 327
182 328
182 329
183 329
183 330
183 331
183 332
184 332
184 333
184 334
185 335
185 336
186 337
186 338
187 338
187 339
188 340
189 341
189 342
190 342
191 342
191 343
192 343
192 344
193 344
193 345
194 345
195 345
195 346
196 346
197 347
198 347
198 348
199 348
200 348
200 349
201 349
202 349
202 350
203 350
204 350
204 351
205 351
206 351
207 351
207 352
208 352
209 352
210 352
210 353
211 353
212 353
213 353
213 354
214 354
215 354
216 354
217 355
218 355
219 355
220 355
221 356
222 356
223 356
224 356
225 356
226 356
226 357
227 357
228 357
229 357
230 357
231 357
232 357
233 357
234 357
235 357
236 357
237 357
238 357
239 357
240 357
241 357
242 357
243 357
244 357
245 356
246 356
247 356
248 356
248 355
249 355
250 355
251 355
251 354
252 354
252 353
253 353
254 352
255 352
255 351
256 351
256 350
257 349
257 348
258 348
258 347
259 347
259 346
259 345
260 345
260 344
261 343
261 342
262 342
262 341
262 340
263 339
263 338
263 337
264 337
264 336
264 335
264 334
265 334
265 333
265 332
265 331
266 331
266 330
266 329
266 328
267 327
267 326
267 325
267 324
267 323
268 322
268 321
268 320
268 319
268 318
268 317
268 316
268 315
268 314
268 313
268 312
269 312
268 311
268 310
268 309
268 308
268 307
268 306
268 305
267 305
267 304
267 303
267 302
266 302
266 301
266 300
265 299
265 298
264 297
264 296
263 295
263 294
262 293
262 292
261 292
261 291
261 290
260 290
260 289
260 288
259 288
259 287
258 287
258 286
258 285
257 285
257 284
256 283
256 282
255 282
255 281
255 280
254 280
254 279
253 279
253 278
253 277
252 277
252 276
251 276
251 275
251 274
250 274
250 273
249 272
249 271
248 271
248 270
248 269
247 269
247 268
247 267
246 267
246 266
246 265
245 265
245 264
245 263
244 263
244 262
244 261
243 260
243 259
243 258
242 257
242 256
242 255
242 254
242 253
242 252
242 251
242 250
242 249
242 248
243 248
243 247
243 246
244 245
244 244
245 244
245 243
246 243
246 242
247 242
247 241
248 241
248 240
249 240
250 240
250 239
251 239
252 238
253 238
254 237
255 237
255 236
256 236
257 236
258 235
259 235
260 235
260 234
261 234
262 234
263 233
264 233
265 233
265 232
266 232
267 232
268 232
268 231
269 231
270 231
271 231
271 230
272 230
273 230
274 230
275 229
276 229
277 229
278 228
279 228
280 228
281 228
281 227
282 227
283 227
284 227
284 226
285 226
286 226
287 226
288 225
289 225
290 225
291 224
292 224
293 224
294 224
294 223
295 223
296 223
297 223
297 222
298 222
299 222
300 221
301 221
302 221
302 220
303 220
304 220
305 219
306 219
307 218
308 218
309 217
310 217
310 216
311 216
311 215
312 215
313 215
313 214
314 214
314 213
315 213
315 212
315 211
316 211
316 210
317 210
317 209
317 208
318 208
318 207
318 206
319 206
319 205
319 204
320 204
320 203
320 202
320 201
321 201
321 200
321 199
321 198
321 197
321 196
321 195
321 194
321 193
321 192
321 191
321 190
321 189
321 188
321 187
321 186
320 185
320 184
320 183
319 182
319 181
319 180
318 180
318 179
318 178
317 178
317 177
316 177
316 176
316 175
315 175
315 174
314 174
314 173
313 172
313 171
312 171
312 170
311 170
311 169
310 169
310 168
309 167
309 166
308 166
308 165
307 165
307 164
306 164
306 163
305 163
305 162
304 162
304 161
303 161
303 160
302 160
302 159
301 158
300 157
299 156
298 155
297 155
297 154
296 153
295 152
294 151
293 150
292 149
291 148
291 147
290 147
290 146
289 146
289 145
288 145
287 144
287 143
286 143
286 142
285 142
285 141
284 141
284 140
283 140
283 139
282 139
282 138
281 138
281 137
280 137
280 136
279 135
279 134
278 134
278 133
277 133
277 132
276 132
276 131
275 130
275 129
274 129
274 128
273 128
273 127
273 126
272 126
272 125
271 124
271 123
270 123
270 122
270 121
269 121
269 120
269 119
268 119
268 118
267 117
267 116
266 115
266 114
265 114
265 113
265 112
264 112
264 111
264 110
263 110
263 109
263 108
262 108
262 107
262 106
261 106
261 105
261 104
260 104
260 103
260 102
260 101
259 101
259 100
259 99
258 98
258 97
258 96
258 95
257 95
257 94
257 93
257 92
257 91
257 90
258 90
258 89
259 89
259 88
260 88
260 87
261 87
262 87
263 87
264 87
265 87
266 87
267 87
268 87
269 87
270 87
271 88
272 88
273 88
274 88
275 88
276 88
276 89
277 89
278 89
279 89
280 89
281 89
281 90
282 90
283 90
284 90
285 90
285 91
286 91
287 91
288 91
289 91
289 92
290 92
291 92
292 92
293 93
294 93
295 93
296 94
297 94
298 94
299 94
300 95
301 95
302 95
303 96
304 96
305 96
306 97
307 97
308 97
309 97
309 98
310 98
311 98
312 98
312 99
313 99
314 99
315 99
315 100
316 100
317 100
318 100
318 101
319 101
320 101
321 102
322 102
323 102
324 103
325 103
326 103
326 104
327 104
328 104
329 105
330 105
331 105
332 105
332 106
333 106
334 106
335 107
336 107
337 107
337 108
338 108
339 108
340 109
341 109
342 109
342 110
343 110
344 110
345 111
346 111
347 111
347 112
348 112
348 113
349 113
350 114
351 115
352 116
353 117
354 118
