t.p
180 393
182 379
190 371
213 340
215 339
255 303
248 279
255 231
299 205
294 182
310 100
354 173
346 204
378 236
371 315
end
179 399
179 398
179 397
179 396
179 395
179 394
179 393
180 393
180 392
180 391
180 390
180 389
180 388
180 387
180 386
180 385
180 384
180 383
180 382
180 381
181 381
181 380
181 379
182 379
182 378
182 377
183 377
183 376
184 376
184 375
181 378
185 375
181 377
182 376
185 374
186 374
183 375
186 373
187 373
184 374
188 373
188 372
185 373
189 372
189 371
186 372
190 371
187 372
190 370
190 369
188 371
191 369
191 368
192 368
192 367
193 367
193 366
193 365
194 365
194 364
195 364
195 363
196 362
196 361
197 361
197 360
198 360
198 359
199 358
199 357
200 357
200 356
201 355
201 354
202 354
202 353
203 352
203 351
204 351
204 350
205 350
205 349
205 348
206 348
206 347
207 347
207 346
208 345
208 344
209 344
209 343
210 343
210 342
211 342
211 341
211 340
212 340
213 340
213 339
214 339
215 339
215 338
216 338
216 337
217 337
218 336
219 336
219 335
220 335
220 334
221 334
222 334
222 333
223 333
223 332
224 332
225 331
226 331
226 330
227 330
227 329
228 329
229 329
229 328
230 328
230 327
231 327
232 326
233 326
233 325
234 325
234 324
235 324
235 323
236 323
237 322
238 322
238 321
239 321
239 320
240 320
240 319
241 319
241 318
242 318
243 317
244 316
245 316
245 315
246 315
246 314
247 314
247 313
248 313
248 312
249 312
249 311
250 310
250 309
251 309
251 308
252 308
252 307
253 306
253 305
254 305
254 304
254 303
255 303
255 302
255 301
255 300
255 299
255 298
255 297
256 302
254 297
256 301
254 296
256 300
254 295
256 299
254 294
256 298
253 294
256 297
253 293
254 298
253 292
255 296
252 292
255 295
252 291
255 294
252 290
253 295
251 290
254 293
251 289
254 292
251 288
252 294
252 293
251 292
250 288
254 291
253 291
250 291
252 289
251 291
250 287
254 290
253 290
250 290
252 288
250 286
251 293
248 290
251 287
249 290
249 286
253 289
248 289
251 286
249 289
250 289
249 285
253 288
248 288
251 285
249 288
249 284
247 288
250 285
249 283
252 287
247 287
250 284
248 287
249 287
248 283
252 286
247 286
250 283
248 286
248 282
246 286
248 281
246 285
249 282
247 285
248 285
248 280
251 284
246 284
249 281
247 284
248 284
248 279
251 283
246 283
249 280
247 283
247 278
247 277
247 282
247 276
247 275
247 274
249 279
247 279
248 278
247 273
246 278
247 272
248 277
246 277
247 271
248 276
246 276
247 270
248 275
246 275
247 269
248 274
246 274
247 268
248 273
246 273
247 267
248 272
245 272
246 272
247 266
248 271
245 271
246 271
247 265
249 270
248 270
246 270
247 264
249 269
248 269
246 269
247 263
250 268
249 268
248 268
246 268
247 262
250 267
249 267
248 267
245 267
246 267
247 261
250 266
249 266
248 266
245 266
246 266
247 260
250 265
249 265
248 265
246 265
247 259
250 264
249 264
248 264
246 264
247 258
250 263
249 263
248 263
246 263
247 257
250 262
249 262
248 262
246 262
247 256
250 261
249 261
248 261
246 261
247 255
250 260
249 260
248 260
246 260
248 255
250 259
249 259
248 259
246 259
248 254
250 258
249 258
248 258
246 258
248 253
250 257
249 257
248 257
246 257
248 252
250 256
249 256
248 256
246 256
248 251
250 255
249 255
246 255
247 254
248 250
252 255
251 255
248 249
251 254
250 254
249 254
246 254
248 248
252 253
251 253
250 253
249 253
247 253
248 247
252 252
251 252
250 252
249 252
247 252
249 247
252 251
251 251
250 251
249 251
247 251
249 246
251 250
250 250
249 250
247 250
249 245
251 249
250 249
249 249
247 249
249 244
251 248
250 248
249 248
247 248
249 243
251 247
250 247
247 247
248 246
250 243
252 247
250 242
252 246
251 246
250 246
250 241
252 245
251 245
250 245
248 245
250 240
252 244
251 244
250 244
248 244
250 239
252 243
251 243
248 243
249 242
251 239
253 243
251 238
253 242
252 242
251 242
251 237
253 241
252 241
251 241
249 241
251 236
253 240
252 240
251 240
249 240
252 236
254 239
253 239
252 239
249 239
250 238
252 235
252 234
254 238
253 238
252 238
253 234
254 237
253 237
252 237
250 237
253 233
254 236
253 236
250 236
251 235
253 232
255 236
254 232
255 235
254 235
253 235
254 231
255 234
254 234
251 234
252 233
255 231
256 234
255 230
256 233
255 233
254 233
255 229
256 232
255 232
252 232
253 231
256 229
256 228
257 228
256 231
257 227
257 230
256 230
258 227
257 229
258 226
258 229
259 226
258 228
255 228
256 227
260 225
259 228
261 225
259 227
257 226
261 224
260 227
262 224
260 226
258 225
263 224
261 226
259 225
263 223
262 225
260 224
264 223
263 225
261 227
265 222
261 223
266 222
264 224
262 226
262 223
267 221
265 224
263 226
268 221
265 223
263 222
269 220
266 223
264 225
264 222
270 220
267 222
265 221
271 220
268 222
266 224
266 221
271 219
269 221
267 223
267 220
272 219
270 221
268 223
268 220
273 219
269 222
269 219
273 218
272 220
270 222
270 219
274 218
273 220
271 222
271 221
275 218
271 218
276 218
274 219
272 221
272 218
276 217
275 219
273 221
277 217
273 217
278 217
274 220
274 217
279 216
277 218
275 220
275 217
280 216
278 218
276 220
276 219
281 216
276 216
281 215
279 217
277 219
277 216
282 215
280 217
278 219
278 216
283 215
279 218
279 215
284 214
282 216
280 218
280 215
285 214
283 216
281 218
281 217
286 214
281 214
286 213
284 215
282 217
282 214
287 213
285 215
283 217
283 214
288 213
284 216
284 213
288 212
287 214
285 216
285 213
289 212
288 214
286 216
286 215
290 212
286 212
290 211
289 213
287 215
287 212
291 211
290 213
288 215
292 211
288 211
292 210
291 212
289 214
289 211
293 210
292 212
290 214
294 210
290 210
294 209
293 211
291 213
291 210
295 209
294 211
292 213
295 208
292 209
296 208
295 210
293 212
293 209
296 207
296 210
294 212
297 207
296 209
294 208
297 206
297 209
295 211
298 206
297 208
295 207
298 205
299 205
299 204
299 203
299 202
299 201
299 200
299 199
300 204
298 204
299 198
300 203
298 203
298 197
300 202
298 202
298 196
300 201
298 201
298 195
300 200
298 200
297 195
300 199
298 199
297 194
300 198
298 198
299 197
297 193
297 197
296 193
299 196
297 196
296 192
299 195
298 194
296 191
296 195
296 190
296 194
295 190
299 193
298 193
297 192
295 189
295 193
295 188
298 192
295 192
294 187
298 191
297 191
295 191
294 186
298 190
297 190
296 189
294 185
294 190
294 184
297 189
294 189
294 183
297 188
296 188
294 188
295 187
294 182
296 187
293 187
293 181
295 186
293 180
293 179
294 179
294 178
294 177
294 176
294 175
294 174
294 173
294 172
294 171
294 170
294 169
294 168
294 167
294 166
294 165
294 164
294 163
294 162
294 161
295 161
295 160
295 159
295 158
295 157
295 156
295 155
295 154
295 153
295 152
295 151
296 150
296 149
296 148
296 147
296 146
296 145
296 144
296 143
297 142
297 141
297 140
297 139
297 138
297 137
297 136
298 135
298 134
298 133
298 132
298 131
298 130
298 129
299 129
299 128
299 127
299 126
299 125
299 124
300 124
300 123
300 122
300 121
300 120
300 119
301 119
301 118
301 117
301 116
301 115
302 115
302 114
302 113
302 112
303 111
303 110
303 109
304 108
304 107
304 106
305 106
305 105
305 104
306 103
306 102
307 102
307 101
308 101
308 100
309 100
310 100
310 99
311 100
312 100
313 100
313 101
310 101
314 101
312 99
311 99
315 102
311 102
311 101
316 103
314 100
312 102
312 101
317 104
313 99
315 100
313 102
318 105
315 101
313 103
319 106
317 101
314 104
316 101
314 103
314 102
320 107
318 102
315 105
317 102
315 104
316 102
315 103
320 108
319 103
316 106
318 103
316 105
317 103
316 104
321 108
320 104
317 107
319 104
317 106
318 104
317 105
321 109
321 105
318 108
320 105
318 107
319 105
318 106
322 109
322 106
319 109
321 106
319 108
320 106
319 107
322 110
323 107
320 110
322 107
320 109
321 107
323 110
323 108
320 111
322 108
323 111
324 108
321 111
321 110
324 112
324 109
321 112
323 109
324 113
325 109
322 112
322 111
325 113
325 110
322 113
324 110
325 114
326 110
323 113
323 112
326 115
326 111
323 114
325 111
324 111
326 116
327 112
324 115
326 112
324 114
325 112
327 116
327 113
324 116
326 113
327 117
328 113
325 116
325 115
328 117
328 114
325 117
327 114
326 114
328 118
329 115
326 118
328 115
326 117
327 115
328 119
329 116
326 119
328 116
329 119
330 116
327 119
327 118
329 120
330 117
327 120
329 117
330 121
331 117
328 120
330 122
331 118
328 121
330 118
329 118
331 122
331 119
328 122
330 119
331 123
332 119
329 122
329 121
332 124
332 120
329 123
331 120
330 120
332 125
333 121
330 124
332 121
330 123
331 121
333 126
333 122
330 125
332 122
333 127
334 122
331 125
331 124
334 127
334 123
331 126
333 123
332 123
334 128
335 124
332 127
334 124
332 126
333 124
335 129
335 125
332 128
334 125
333 125
335 130
336 126
333 129
335 126
333 128
334 126
336 130
336 127
333 130
335 127
336 131
337 127
334 130
334 129
336 132
337 128
334 131
336 128
335 128
337 132
338 129
335 132
337 129
335 131
336 129
337 133
338 130
335 133
337 130
338 134
339 130
336 133
338 135
340 131
336 135
339 131
336 134
338 131
337 131
339 136
341 132
336 137
340 132
336 136
339 132
338 132
339 137
342 132
337 137
337 136
337 135
337 134
340 138
342 133
337 138
341 133
340 133
339 133
338 133
340 139
343 134
338 139
342 134
338 138
341 134
338 137
340 134
338 136
339 134
341 140
342 135
341 135
340 135
339 135
341 141
343 136
339 140
342 136
339 139
341 136
339 138
340 136
342 142
343 137
339 141
342 137
341 137
340 137
342 143
343 138
340 141
342 138
340 140
341 138
343 144
343 139
340 142
342 139
341 139
343 145
344 140
341 143
343 140
341 142
342 140
344 146
344 141
341 144
343 141
342 141
344 147
345 142
342 145
344 142
342 144
343 142
345 148
345 143
342 146
344 143
343 143
345 149
346 144
343 147
345 144
343 146
344 144
346 150
346 145
343 148
345 145
344 145
346 151
347 146
344 149
346 146
344 148
345 146
346 152
347 147
344 150
346 147
345 147
347 152
348 148
345 151
347 148
345 150
346 148
347 153
348 149
345 152
347 149
346 149
347 154
349 150
346 153
348 150
347 150
348 154
349 151
346 154
348 151
347 151
348 155
349 152
346 155
348 152
348 156
350 152
347 155
349 157
350 153
347 156
349 153
348 153
349 158
350 154
347 157
349 154
349 159
351 154
348 157
350 159
351 155
348 158
350 155
349 155
350 160
351 156
348 159
350 156
349 156
350 161
352 157
349 160
351 157
350 157
350 162
352 158
349 161
351 158
350 158
351 162
352 159
349 162
351 159
351 163
353 159
351 164
353 160
350 163
352 160
351 160
352 165
353 161
350 164
352 161
351 161
352 166
353 162
350 165
352 162
352 167
354 162
351 165
352 168
354 163
351 166
353 163
352 163
353 168
353 164
352 164
353 169
353 165
353 170
353 171
353 172
354 172
354 173
354 174
354 175
354 176
354 177
353 177
353 178
353 174
355 174
353 179
353 175
355 175
353 180
353 176
355 176
353 181
354 178
355 177
352 182
352 177
352 183
352 178
352 184
352 179
354 179
351 184
352 180
354 180
351 185
352 181
353 182
354 181
351 186
351 182
350 186
351 183
353 183
350 187
352 185
353 184
350 188
350 184
349 188
350 185
349 189
351 187
352 186
349 190
348 186
349 186
348 190
348 187
350 189
349 187
352 187
348 191
347 188
350 191
348 188
350 190
352 188
351 188
348 192
345 188
349 192
346 188
349 191
347 192
345 189
349 193
346 189
347 189
348 189
351 189
347 193
345 190
349 194
346 190
347 190
351 190
347 194
344 190
348 194
348 193
347 195
344 191
348 195
345 191
346 191
347 191
346 195
344 192
348 196
345 192
346 192
350 192
346 196
343 192
347 196
346 197
343 193
347 197
344 193
345 193
346 193
346 198
343 194
347 198
344 194
345 194
346 194
345 198
343 195
347 199
344 195
345 195
349 195
345 199
342 195
346 199
345 200
342 196
346 200
343 196
344 196
345 196
345 201
342 197
346 201
343 197
344 197
345 197
348 197
345 202
343 198
344 198
345 203
346 203
344 199
346 204
346 205
346 206
347 206
347 207
348 208
345 204
347 204
348 209
345 205
347 205
349 209
349 210
350 210
350 211
351 211
351 212
352 212
353 213
354 213
354 214
355 214
355 215
356 215
357 216
358 216
358 217
359 217
360 218
361 218
361 219
362 219
363 220
364 220
364 221
365 221
365 222
366 222
367 223
368 223
368 224
369 224
369 225
370 225
370 226
371 226
371 227
372 227
372 228
373 228
373 229
374 229
374 230
375 230
375 231
376 232
376 233
377 233
377 234
377 235
378 235
378 236
378 237
378 238
378 239
378 240
379 240
379 241
379 242
379 243
379 244
379 245
379 246
379 247
379 248
378 249
378 250
378 251
378 252
378 253
378 254
378 255
377 256
377 257
377 258
377 259
377 260
376 261
376 262
376 263
376 264
375 265
375 266
375 267
375 268
374 269
374 270
374 271
374 272
374 273
373 273
373 274
373 275
373 276
372 277
372 278
372 279
372 280
371 281
371 282
371 283
371 284
370 284
370 285
370 286
370 287
370 288
369 288
369 289
369 290
369 291
369 292
369 293
368 293
368 294
368 295
368 296
368 297
368 298
368 299
368 300
367 300
367 301
367 302
367 303
367 304
367 305
367 306
367 307
367 308
368 308
368 309
368 310
368 311
369 311
369 312
369 313
370 313
370 314
371 315
372 316
373 316
374 317
375 317
376 317
377 318
378 318
379 318
380 318
381 318
382 318
383 318
384 318
385 318
386 318
387 318
388 318
389 318
390 318
391 318
392 318
393 318
394 318
395 318
396 318
397 318
397 317
398 317
399 317
