t.p
51 308
53 309
67 274
64 258
98 242
114 222
112 218
123 163
185 167
178 230
184 244
215 269
221 322
228 338
330 323
330 269
353 259
365 236
378 222
373 206
372 204
end
0 317
1 317
2 317
3 317
4 317
4 316
5 316
6 316
7 316
8 316
9 316
10 315
11 315
12 315
13 315
14 315
15 314
16 314
17 314
18 314
19 314
20 313
21 313
22 313
23 313
24 313
24 312
25 312
26 312
27 312
23 312
28 312
26 313
24 311
25 313
29 311
24 310
30 311
25 310
25 311
31 311
26 310
26 311
32 311
29 312
27 310
27 311
33 311
30 312
28 310
28 311
33 310
29 309
29 310
34 310
30 309
30 310
35 310
31 309
31 310
36 310
34 311
32 309
32 310
37 310
35 311
33 309
37 309
33 308
38 309
34 308
34 309
39 309
35 308
35 309
40 309
38 310
36 308
36 309
41 309
39 310
37 308
42 309
37 307
42 308
38 307
38 308
43 308
39 307
39 308
44 308
40 307
40 308
45 308
43 309
41 307
41 308
46 308
44 309
42 307
47 308
48 308
48 307
49 307
50 307
51 308
52 308
52 309
53 309
53 308
54 308
51 309
54 307
54 306
55 306
54 309
53 310
55 305
56 305
55 308
56 304
56 303
57 303
57 302
57 301
58 301
58 300
58 299
59 298
59 297
59 296
60 296
60 295
60 294
61 294
61 293
61 292
61 291
62 291
62 290
62 289
63 288
63 287
63 286
64 286
64 285
64 284
64 283
65 282
65 281
65 280
65 279
66 279
66 278
66 277
66 276
66 275
66 274
67 274
67 273
67 272
66 272
66 271
66 270
66 269
66 268
65 268
65 267
65 266
65 265
67 269
64 265
67 268
66 267
64 264
64 263
64 267
68 267
65 264
67 267
63 263
64 266
68 266
65 263
67 266
66 266
63 262
68 265
65 262
67 265
66 265
63 261
62 265
63 265
64 262
63 260
62 264
63 264
68 264
64 260
67 264
64 261
66 264
63 259
61 263
62 263
69 263
64 258
68 263
64 259
67 263
66 263
63 258
60 263
63 266
60 262
61 262
62 262
68 262
63 257
67 262
66 262
64 257
60 261
61 261
62 261
68 261
63 256
67 261
66 261
65 261
64 256
60 260
61 260
62 260
68 260
63 255
67 260
66 260
65 260
65 256
60 259
61 259
62 259
68 259
63 254
67 259
66 259
65 259
65 255
60 258
61 258
62 258
68 258
63 253
67 258
66 258
65 258
66 255
58 258
64 252
59 258
64 253
64 254
64 255
66 254
68 257
67 257
66 257
65 257
57 257
64 250
58 257
64 251
59 257
60 257
61 257
62 257
67 254
68 256
67 256
66 256
56 256
64 248
57 256
64 249
58 256
59 256
60 256
61 256
62 256
68 254
70 256
69 256
65 248
65 249
65 250
65 251
65 252
65 253
65 254
68 253
70 255
69 255
68 255
67 255
56 255
65 246
57 255
65 247
58 255
59 255
60 255
61 255
62 255
69 253
71 255
66 246
66 247
66 248
66 249
66 250
66 251
66 252
66 253
70 253
71 254
70 254
69 254
57 254
66 245
58 254
59 254
60 254
61 254
62 254
70 252
72 254
67 244
67 245
67 246
67 247
67 248
67 249
67 250
67 251
67 252
67 253
71 252
73 254
68 244
68 245
68 246
68 247
68 248
68 249
68 250
68 251
68 252
72 252
73 253
72 253
71 253
59 253
60 253
61 253
62 253
73 252
74 253
69 258
69 257
69 244
69 245
69 246
69 247
69 248
69 249
69 250
69 251
69 252
73 251
75 253
70 258
70 257
70 244
70 245
70 246
70 247
70 248
70 249
70 250
70 251
74 251
75 252
74 252
62 252
63 252
75 251
76 252
71 257
71 256
71 243
71 244
71 245
71 246
71 247
71 248
71 249
71 250
71 251
76 250
77 252
72 257
72 256
72 255
72 245
72 246
72 247
72 248
72 249
72 250
72 251
77 250
78 252
73 257
73 256
73 255
73 245
73 246
73 247
73 248
73 249
73 250
78 250
78 251
77 251
76 251
73 244
79 249
79 251
74 256
74 255
74 254
74 244
74 245
74 246
74 247
74 248
74 249
74 250
80 249
80 251
75 256
75 255
75 254
75 246
75 247
75 248
75 249
75 250
81 249
82 250
76 256
81 250
76 255
80 250
76 254
79 250
76 253
76 245
76 246
76 247
76 248
76 249
82 248
77 255
77 254
77 253
77 244
77 245
77 246
77 247
77 248
77 249
83 248
83 250
78 255
78 254
78 253
78 245
78 246
78 247
78 248
78 249
84 248
84 249
79 254
83 249
79 253
82 249
79 252
79 244
79 245
79 246
79 247
79 248
85 248
85 249
80 254
80 253
80 252
80 245
80 246
80 247
80 248
85 247
81 253
81 252
81 251
81 244
81 245
81 246
81 247
81 248
86 247
86 248
82 252
82 251
82 243
82 244
82 245
82 246
82 247
87 247
87 248
83 252
83 251
83 243
83 244
83 245
83 246
83 247
88 246
88 248
84 252
84 251
84 250
84 244
84 245
84 246
84 247
89 246
85 251
85 250
85 244
85 245
85 246
90 246
88 247
85 243
90 245
89 247
86 250
86 249
86 243
86 244
86 245
86 246
91 245
91 247
87 251
90 247
87 250
87 249
87 243
87 244
87 245
87 246
92 245
91 246
88 249
88 242
88 243
88 244
88 245
92 244
92 246
89 249
89 248
89 242
89 243
89 244
89 245
93 244
93 246
90 249
90 248
90 242
90 243
90 244
94 244
94 245
93 245
90 241
95 243
91 248
91 241
91 242
91 243
91 244
96 243
95 245
92 248
92 247
92 241
92 242
92 243
96 242
95 244
92 240
97 242
96 244
93 247
93 240
93 241
93 242
93 243
98 242
97 244
94 247
94 246
94 240
94 241
94 242
94 243
98 241
98 243
95 246
97 243
95 239
95 240
95 241
95 242
99 241
99 243
96 246
96 245
96 239
96 240
96 241
99 240
99 242
96 238
100 240
100 242
97 245
97 238
97 239
97 240
97 241
100 239
102 242
98 246
101 242
98 245
98 244
98 238
98 239
98 240
101 239
102 241
101 241
100 241
101 238
103 241
99 245
99 244
99 239
102 238
102 240
101 240
102 237
103 237
103 236
104 236
104 235
105 235
105 234
106 234
106 233
107 233
107 232
108 232
108 231
109 230
109 229
110 229
110 228
111 228
111 227
111 226
112 226
112 225
112 224
113 224
113 223
113 222
114 222
114 221
113 221
113 220
113 219
112 219
112 218
114 220
111 217
112 221
111 216
112 220
111 215
113 218
111 214
111 219
111 213
111 218
114 218
112 216
112 217
111 212
110 217
113 217
111 211
110 216
113 216
111 210
110 215
113 215
112 215
111 209
110 214
113 214
112 214
111 208
110 213
113 213
112 213
111 207
110 212
113 212
112 212
111 206
109 211
110 211
113 211
112 211
111 205
108 210
109 210
110 210
113 210
112 210
111 204
107 209
108 209
109 209
110 209
113 209
112 209
111 203
107 208
108 208
109 208
110 208
113 208
112 208
111 202
107 207
108 207
109 207
110 207
113 207
112 207
111 201
107 206
108 206
109 206
110 206
113 206
112 206
111 200
107 205
108 205
109 205
110 205
113 205
112 205
111 199
108 204
109 204
110 204
113 204
112 204
111 198
108 203
109 203
110 203
113 203
112 203
112 198
108 202
109 202
110 202
113 202
112 202
112 197
108 201
109 201
110 201
113 201
112 201
112 196
108 200
109 200
110 200
113 200
112 200
112 195
108 199
109 199
110 199
112 199
112 194
108 198
109 198
110 198
111 197
112 193
113 198
112 192
109 197
110 197
114 197
113 197
112 191
109 196
110 196
111 196
113 196
112 190
109 195
110 195
111 195
113 195
112 189
109 194
110 194
111 194
113 194
113 188
109 193
110 193
111 193
114 193
113 193
113 187
109 192
110 192
111 192
114 192
113 192
113 186
109 191
110 191
111 191
114 191
113 191
113 185
108 190
109 190
110 190
111 190
113 190
113 184
108 189
109 189
110 189
111 189
113 189
112 188
113 183
110 188
111 188
115 188
114 188
114 182
110 187
111 187
112 187
115 187
114 187
114 181
110 186
111 186
112 186
114 186
114 180
110 185
111 185
112 185
114 185
114 179
109 184
110 184
111 184
112 184
114 184
114 178
110 183
111 183
112 183
114 183
113 182
115 178
111 182
112 182
115 182
115 177
111 181
112 181
113 181
115 181
115 176
111 180
112 180
113 180
115 180
115 175
111 179
112 179
113 179
115 179
116 174
111 178
112 178
113 178
116 178
114 176
114 177
116 173
116 172
112 177
113 177
116 177
117 172
112 176
113 176
116 176
117 171
112 175
113 175
114 175
116 175
115 174
117 170
113 174
114 174
117 174
118 169
113 173
114 173
115 173
117 173
118 168
113 172
114 172
115 172
116 171
119 167
117 175
118 172
119 166
114 171
115 171
119 171
117 169
118 171
120 166
114 170
115 170
116 170
119 170
117 168
118 170
120 165
115 169
116 169
120 169
118 167
119 169
121 164
115 168
116 168
120 168
118 166
119 168
121 163
116 167
117 167
120 167
122 163
116 166
117 166
119 165
123 163
121 166
123 162
117 165
118 165
121 165
120 164
124 162
118 164
121 167
119 164
123 164
121 162
122 164
124 161
118 163
119 163
120 163
125 161
122 166
122 165
122 162
126 161
123 160
123 161
125 163
123 165
124 163
126 160
127 160
128 160
129 159
130 159
131 159
132 159
132 158
133 158
134 158
135 158
136 158
137 158
137 157
138 157
139 157
140 157
141 157
142 157
143 157
144 157
145 157
146 157
147 157
148 157
149 157
150 157
151 157
152 157
153 157
154 157
155 157
156 157
157 157
158 157
159 157
160 157
161 157
161 158
162 158
163 158
164 158
165 158
166 158
167 158
167 159
168 159
169 159
170 159
171 159
171 160
172 160
173 160
174 160
174 161
175 161
176 161
177 161
177 162
178 162
179 162
179 163
180 163
181 163
181 164
182 164
183 165
184 166
185 166
185 167
185 168
186 168
186 169
186 170
187 171
187 172
184 168
187 173
186 167
187 174
185 169
187 175
185 170
187 176
186 171
187 170
187 177
186 172
187 178
186 173
187 179
186 174
187 180
186 175
187 181
186 176
187 182
186 177
187 183
186 178
187 184
186 179
186 184
186 180
186 185
186 181
186 186
186 182
186 187
186 183
186 188
186 189
185 184
185 190
185 185
185 191
185 186
185 192
185 187
185 193
185 188
185 194
185 189
184 194
184 190
184 195
184 191
184 196
184 192
184 197
184 193
184 198
183 198
183 194
183 199
183 195
183 200
183 196
183 201
183 197
183 202
182 202
182 198
182 203
182 199
182 204
182 200
182 205
182 201
182 206
181 206
180 202
181 202
181 207
180 203
181 203
181 208
180 204
181 204
181 209
180 205
181 205
183 205
181 210
180 206
183 206
182 207
180 210
179 206
180 211
179 207
180 207
180 212
179 208
180 208
182 208
180 213
179 209
180 209
182 209
180 214
179 210
182 210
181 211
179 214
178 210
179 215
178 211
179 211
179 216
178 212
179 212
181 212
179 217
178 213
179 213
181 213
179 218
178 214
181 214
180 215
178 218
177 214
178 219
177 215
178 215
178 220
177 216
178 216
180 216
178 221
177 217
178 217
180 217
178 222
177 218
180 218
179 219
178 223
178 224
177 225
177 226
177 227
177 228
177 229
178 229
178 230
178 231
178 232
178 233
178 234
179 234
177 230
179 230
179 235
179 236
179 237
180 237
180 238
180 239
181 239
181 240
181 241
182 241
182 242
183 242
183 243
184 243
184 244
184 245
185 245
185 246
186 246
187 247
188 247
188 248
189 248
189 249
190 249
191 250
192 250
192 251
193 251
194 251
194 252
195 252
196 253
197 253
197 254
198 254
199 255
200 255
200 256
201 256
202 256
202 257
203 257
203 258
204 258
205 258
205 259
206 259
206 260
207 260
207 261
208 261
209 262
210 262
210 263
211 263
211 264
212 264
212 265
213 266
213 267
214 267
214 268
215 268
215 269
215 270
216 271
216 272
216 273
217 273
217 274
217 275
217 276
217 277
218 277
218 278
218 279
218 280
218 281
218 282
218 283
218 284
219 284
219 285
219 286
219 287
219 288
219 289
219 290
219 291
219 292
219 293
219 294
219 295
219 296
219 297
219 298
219 299
219 300
219 301
219 302
219 303
219 304
219 305
219 306
219 307
219 308
219 309
219 310
219 311
219 312
219 313
219 314
219 315
220 315
220 316
220 317
220 318
220 319
220 320
220 321
221 321
221 322
221 323
221 324
221 325
221 326
222 326
222 327
222 328
222 329
222 330
222 331
223 331
223 332
223 333
224 333
224 334
224 335
225 335
225 336
226 336
226 337
227 337
228 338
229 338
230 338
230 339
231 339
232 339
233 339
234 340
235 340
236 340
237 340
238 340
239 340
240 340
241 340
242 341
243 341
244 341
245 341
246 341
247 341
248 341
249 341
250 341
251 341
252 341
253 341
254 341
255 341
256 341
257 341
258 341
259 341
260 341
261 341
262 341
263 341
264 340
265 340
266 340
267 340
268 340
269 340
270 340
271 340
272 340
273 340
274 340
275 340
276 339
277 339
278 339
279 339
280 339
281 339
282 339
283 339
284 338
285 338
286 338
287 338
288 338
289 338
290 337
291 337
292 337
293 337
294 337
295 337
295 336
296 336
297 336
298 336
299 336
300 336
300 335
301 335
302 335
303 335
304 335
304 334
305 334
306 334
307 334
308 333
309 333
310 333
311 333
311 332
312 332
313 332
314 332
314 331
315 331
316 331
317 330
318 330
319 330
319 329
320 329
321 329
321 328
322 328
323 328
323 327
324 327
325 326
326 326
326 325
327 325
328 324
329 323
330 323
330 322
330 321
331 321
331 320
331 319
330 324
331 323
332 319
329 322
331 322
332 318
329 321
330 320
332 317
332 321
332 316
332 320
333 316
333 315
333 314
333 313
333 312
333 311
333 310
333 309
333 308
333 307
333 306
333 305
332 304
332 303
332 302
332 301
332 300
332 299
332 298
331 298
331 297
331 296
331 295
331 294
331 293
330 293
330 292
330 291
330 290
330 289
330 288
329 288
329 287
329 286
329 285
329 284
329 283
328 282
328 281
328 280
328 279
328 278
328 277
328 276
328 275
328 274
328 273
328 272
328 271
329 271
329 270
329 269
330 269
330 268
330 267
331 267
331 266
332 266
333 266
333 265
334 265
335 265
335 264
336 264
337 264
338 264
338 263
339 263
340 263
341 263
342 263
343 263
343 262
344 262
345 262
346 262
347 262
347 261
348 261
349 261
349 260
350 260
351 260
351 259
352 259
353 259
353 258
354 257
354 256
355 256
355 255
356 255
356 254
356 253
357 253
357 252
357 251
358 251
358 250
358 249
359 248
359 247
359 246
360 246
360 245
360 244
361 244
361 243
361 242
361 241
362 241
362 240
362 239
363 239
363 238
363 237
364 237
364 236
365 236
365 235
365 234
366 234
366 233
367 233
367 232
368 232
368 231
369 231
369 230
370 230
371 230
371 229
372 229
372 228
373 228
373 227
374 227
374 226
375 226
375 225
376 225
376 224
377 224
377 223
377 222
378 222
378 221
378 220
378 219
377 219
377 218
377 217
377 216
377 215
376 215
376 214
376 213
375 213
375 212
375 211
375 210
374 210
377 213
374 209
375 214
374 208
376 212
373 208
376 211
373 207
376 210
373 206
374 211
372 206
375 209
374 207
375 208
376 209
377 210
378 211
