t.p
47 218
62 225
77 283
127 306
143 331
215 328
223 290
237 261
213 209
212 208
220 167
210 151
215 131
200 112
182 64
188 53
189 52
179 20
179 19
end
47 218
48 218
49 218
49 219
50 219
51 219
52 219
53 219
53 220
54 220
55 220
55 221
56 221
57 221
58 221
58 222
59 222
59 223
60 223
61 224
61 225
62 225
62 226
63 226
63 227
63 228
64 228
64 229
64 230
64 231
65 231
62 228
63 229
65 232
65 228
64 227
65 233
65 229
65 234
63 230
65 230
65 235
63 231
64 232
66 235
66 231
66 236
66 232
66 237
64 233
66 233
66 238
64 234
66 234
66 239
64 235
65 236
66 240
67 235
66 241
67 236
67 241
65 237
67 237
67 242
65 238
67 238
67 243
65 239
67 239
67 244
65 240
67 240
67 245
65 241
66 242
67 246
68 241
67 247
68 242
67 248
66 243
68 243
67 249
66 244
68 244
68 250
66 245
68 245
68 251
66 246
68 246
68 252
66 247
68 247
68 253
66 248
68 248
68 254
66 249
67 250
68 249
68 255
69 250
68 256
67 251
69 251
68 257
67 252
69 252
68 258
66 253
67 253
69 253
69 258
66 254
67 254
70 254
69 254
69 259
66 255
67 255
70 255
69 255
69 260
66 256
67 256
70 256
69 256
69 261
66 257
68 259
67 257
70 257
69 257
69 262
65 258
68 261
66 258
68 260
67 258
70 258
69 263
71 258
69 264
66 259
67 259
72 259
71 259
70 259
70 264
66 260
67 260
72 260
71 260
70 260
70 265
67 261
73 261
72 261
71 261
70 261
70 266
67 262
68 262
73 262
72 262
71 262
70 262
70 267
67 263
69 265
68 263
73 263
72 263
71 263
70 263
70 268
67 264
69 266
68 264
73 264
72 264
71 264
70 269
74 264
71 269
68 265
74 265
73 265
72 265
71 265
71 270
68 266
74 266
73 266
72 266
71 266
71 271
68 267
69 267
74 267
73 267
72 267
71 267
71 272
68 268
70 270
69 268
74 268
73 268
72 268
71 268
72 273
68 269
70 271
69 269
74 269
73 269
72 269
72 274
75 269
72 275
69 270
75 270
74 270
73 270
72 270
73 275
69 271
71 273
75 271
74 271
73 271
72 271
73 276
69 272
71 274
70 272
75 272
74 272
73 272
72 272
73 277
70 273
76 273
75 273
74 273
73 273
73 278
70 274
72 276
76 274
75 274
74 274
73 274
74 278
70 275
72 277
71 275
76 275
75 275
74 275
74 279
77 275
74 280
71 276
77 276
76 276
75 276
74 276
75 280
71 277
73 279
77 277
76 277
75 277
74 277
75 281
71 278
73 280
72 278
77 278
76 278
75 278
76 281
78 278
76 282
72 279
74 281
78 279
77 279
76 279
75 279
77 283
72 280
74 282
78 280
77 280
76 280
78 284
78 285
77 281
79 285
80 286
81 286
78 283
77 282
81 287
79 284
82 287
80 285
82 288
81 285
79 283
83 288
82 286
80 284
84 288
83 286
81 284
84 289
83 287
85 289
84 287
82 285
86 289
86 290
85 288
87 290
86 288
84 286
88 290
88 291
87 289
85 287
89 291
88 289
86 287
90 291
90 292
89 290
87 288
91 292
90 290
88 288
92 292
93 292
91 291
89 289
93 293
92 291
90 289
94 293
95 293
91 290
96 293
94 292
92 290
96 294
95 292
93 290
93 291
97 294
98 294
94 291
99 294
97 293
95 291
99 295
98 293
96 291
96 292
100 295
101 295
97 292
102 295
100 294
98 292
103 296
101 294
99 292
99 293
104 296
105 296
100 296
103 295
100 292
100 293
106 296
101 296
104 295
101 292
101 293
106 297
102 296
105 295
102 292
102 293
102 294
107 297
103 297
103 293
103 294
108 297
104 297
107 296
104 293
104 294
109 297
105 297
108 296
105 293
105 294
109 298
109 296
106 293
106 294
106 295
110 298
106 298
111 298
107 298
110 297
107 294
107 295
112 298
108 298
111 297
108 294
108 295
113 299
112 297
109 294
109 295
114 299
109 299
115 299
110 299
113 298
110 295
110 296
115 300
111 299
114 298
111 295
111 296
116 300
112 299
115 298
112 295
112 296
117 300
113 300
116 299
113 296
113 297
118 300
114 300
117 299
114 296
114 297
118 301
118 299
115 296
115 297
119 301
115 301
120 301
116 301
119 300
116 297
116 298
120 302
117 301
120 300
117 297
117 298
121 302
121 300
118 297
118 298
122 302
118 302
121 301
122 303
119 302
122 301
119 298
119 299
123 303
123 301
120 298
120 299
124 303
120 303
123 302
124 304
121 303
124 302
121 299
125 304
125 302
122 299
122 300
125 305
122 304
125 303
126 305
123 304
126 303
123 300
126 306
124 301
127 306
128 307
128 308
129 308
129 309
130 309
128 306
127 305
130 310
130 307
128 305
129 307
131 311
130 308
131 312
131 308
129 306
132 312
131 309
132 313
132 309
132 314
132 310
131 310
132 315
133 311
132 311
133 315
133 312
133 316
134 312
133 317
134 313
133 313
134 317
134 314
133 314
134 318
134 315
134 319
135 315
134 320
135 316
134 316
135 320
135 317
135 321
136 317
135 322
133 318
136 318
135 318
136 322
133 319
137 319
136 319
135 319
136 323
132 320
134 322
133 320
134 321
137 320
136 320
136 324
138 320
137 324
133 321
135 323
138 321
137 321
136 321
137 325
133 322
135 324
138 322
137 322
137 326
139 322
138 326
134 323
136 325
139 323
138 323
137 323
138 327
134 324
136 326
139 324
138 324
139 327
140 324
139 328
135 325
137 327
140 325
139 325
138 325
140 328
135 326
137 328
140 326
139 326
140 329
138 328
141 326
141 329
136 327
138 329
141 327
140 327
141 330
139 329
142 327
142 330
139 330
142 328
141 328
142 331
140 330
143 328
143 331
140 331
143 329
142 329
144 331
141 331
144 329
145 331
143 330
145 332
146 332
147 332
143 332
148 333
144 332
149 333
146 331
150 333
151 333
152 334
153 334
154 334
155 334
156 334
157 335
158 335
159 335
160 335
161 335
162 335
163 335
164 335
165 335
166 336
167 336
168 336
169 336
170 336
171 336
172 336
173 336
174 336
175 336
176 336
177 336
178 336
179 336
180 336
181 336
182 336
183 336
184 336
185 336
186 335
187 335
188 335
189 335
190 335
191 335
192 335
193 335
194 335
195 334
196 334
197 334
198 334
199 334
200 334
200 333
201 333
202 333
203 333
204 333
204 332
205 332
206 332
207 332
207 331
208 331
209 331
210 330
211 330
212 329
213 329
213 328
214 328
215 328
215 327
216 327
216 326
216 325
217 325
217 324
214 327
215 326
218 324
218 323
218 322
218 321
219 321
219 320
219 319
219 318
220 318
220 317
220 316
220 315
220 314
220 313
220 312
220 311
220 310
220 309
220 308
220 307
221 307
221 306
221 305
221 304
221 303
221 302
221 301
221 300
221 299
221 298
221 297
221 296
221 295
221 294
222 293
222 292
222 291
222 290
223 290
223 289
223 288
223 287
224 287
224 286
224 285
222 289
225 285
222 288
225 284
222 287
223 286
225 283
226 283
226 282
223 285
224 284
227 281
227 280
228 280
224 283
225 282
228 279
229 278
226 281
229 277
230 277
226 280
227 279
230 276
231 276
228 278
231 275
231 274
228 277
229 276
232 274
232 273
230 275
233 272
233 271
234 271
230 274
231 273
234 270
234 269
232 272
235 269
235 268
232 271
233 270
235 267
235 266
236 266
233 269
234 268
236 265
236 264
236 263
234 267
236 262
233 266
235 264
234 266
235 265
236 261
237 266
236 267
237 261
237 265
234 265
237 260
237 264
234 264
236 260
237 263
234 263
235 263
236 259
237 262
234 262
235 262
236 258
234 261
235 261
236 257
238 261
236 256
238 260
237 259
235 260
236 255
234 260
236 254
234 259
235 259
235 254
237 258
234 258
235 258
235 253
237 257
234 257
235 257
235 252
235 256
235 251
235 250
234 250
234 249
234 248
233 247
233 246
233 245
232 245
232 244
232 243
231 242
231 241
231 240
230 240
230 239
230 238
229 238
229 237
229 236
228 236
228 235
228 234
227 234
227 233
227 232
226 232
226 231
226 230
225 230
225 229
225 228
224 228
224 227
224 226
223 226
223 225
222 224
222 223
221 223
221 222
221 221
220 221
220 220
219 219
219 218
218 218
218 217
218 216
217 216
217 215
216 215
216 214
216 213
215 213
215 212
214 211
214 210
213 210
213 209
212 208
211 207
211 206
211 205
212 205
212 204
212 203
212 202
212 201
213 201
213 200
213 199
213 198
213 197
214 197
214 196
214 195
214 194
215 193
215 192
215 191
215 190
216 190
216 189
216 188
216 187
217 186
217 185
217 184
217 183
218 183
218 182
218 181
218 180
218 179
219 178
219 177
219 176
219 175
219 174
219 173
220 173
220 172
220 171
220 170
220 169
220 168
220 167
219 166
219 165
219 164
218 164
218 163
219 167
220 166
218 162
217 162
217 161
216 161
216 160
216 159
215 159
215 158
214 158
214 157
213 157
213 156
212 156
212 155
211 155
211 154
211 153
210 153
210 152
210 151
209 150
209 149
209 148
210 148
210 147
210 146
210 145
210 144
211 144
211 143
211 142
212 142
212 141
212 140
213 140
213 139
213 138
213 137
214 137
214 136
214 135
214 134
215 134
215 133
215 132
215 131
214 130
214 129
214 128
213 128
213 127
216 131
213 126
216 130
214 132
215 130
214 131
212 126
217 129
216 129
215 129
212 125
217 128
216 128
215 128
211 125
213 131
213 130
213 129
211 124
216 127
215 127
214 127
210 124
216 126
215 126
214 126
210 123
212 130
212 129
212 128
212 127
209 123
216 125
215 125
214 125
213 125
209 122
211 128
211 127
211 126
210 125
208 122
214 124
213 124
212 124
209 124
211 122
211 123
208 121
210 127
210 126
208 124
210 122
207 121
214 123
213 123
212 123
208 123
210 121
207 120
209 127
209 126
209 125
207 123
209 121
206 120
212 122
207 122
209 120
206 119
208 125
205 122
208 119
206 122
208 120
205 119
212 121
211 121
205 121
208 118
206 121
205 118
207 124
204 121
207 118
207 119
204 118
210 120
204 120
207 117
205 120
204 117
206 123
203 120
206 117
206 118
203 117
209 119
203 119
206 116
204 119
203 116
202 119
205 116
205 117
202 116
202 118
205 115
203 118
202 115
201 118
204 115
204 116
201 114
201 117
204 114
202 117
201 113
200 117
203 114
203 115
200 113
199 116
203 112
200 116
203 113
201 116
200 112
198 116
202 112
202 113
202 114
199 111
206 115
198 115
202 111
199 115
200 115
201 115
199 110
197 114
201 110
198 114
201 111
199 114
201 112
200 114
198 110
204 113
197 113
201 109
198 113
199 113
198 109
195 113
200 108
196 113
200 109
200 110
200 111
198 108
194 112
200 106
195 112
200 107
196 112
197 112
198 112
199 112
197 108
193 111
199 105
194 111
199 106
195 111
199 107
196 111
199 108
197 111
199 109
198 111
197 107
202 110
193 110
199 104
194 110
195 110
196 110
197 110
197 106
198 105
198 106
198 107
196 106
194 109
195 109
196 109
197 109
196 105
195 108
196 108
196 104
195 104
196 107
195 103
195 102
194 102
194 101
194 100
193 100
193 99
193 98
192 98
192 97
192 96
191 96
191 95
191 94
190 93
190 92
190 91
189 91
189 90
189 89
188 89
188 88
188 87
187 86
187 85
187 84
186 84
186 83
186 82
186 81
185 81
185 80
185 79
185 78
184 78
184 77
184 76
184 75
183 75
183 74
183 73
183 72
182 72
182 71
182 70
182 69
182 68
182 67
182 66
181 66
181 65
181 64
182 64
182 63
182 62
182 61
182 60
183 60
183 59
183 58
184 58
184 57
184 56
185 56
185 55
186 55
186 54
187 54
187 53
188 53
188 52
189 52
189 51
189 50
188 50
188 49
188 48
188 47
188 51
188 46
187 46
187 45
187 44
187 43
187 42
186 42
186 41
186 40
185 39
185 38
185 37
184 37
184 36
184 35
184 34
183 34
183 33
183 32
183 31
182 31
182 30
182 29
182 28
181 28
181 27
181 26
180 26
180 25
180 24
180 23
179 23
179 22
179 21
179 20
178 19
179 19
179 18
179 17
179 16
179 15
179 14
179 13
178 18
179 12
179 11
179 10
179 9
179 8
179 7
179 6
179 5
179 4
179 3
179 2
179 1
179 0
