t.p
22 90
34 103
48 104
49 105
100 71
140 79
149 86
150 87
213 79
239 156
280 205
234 267
248 296
264 316
238 353
235 376
229 396
350 381
342 335
386 292
387 237
386 232
end
22 90
22 91
23 91
23 92
24 92
24 93
25 93
25 94
25 95
26 95
26 96
27 96
27 97
28 97
28 98
29 98
29 99
30 99
30 100
31 100
31 101
32 101
32 102
33 102
33 103
34 103
35 103
36 103
37 103
38 103
39 103
40 103
41 103
42 103
43 103
44 103
45 103
46 103
47 103
47 104
48 104
49 105
49 104
50 104
51 104
51 103
48 103
52 103
53 103
53 102
50 105
54 102
51 106
51 105
52 104
54 101
49 103
50 103
51 102
55 101
52 106
52 105
52 102
55 100
53 106
53 105
53 104
54 103
56 100
50 102
53 101
57 100
54 105
54 104
55 102
57 99
51 101
52 101
54 100
58 99
55 104
55 103
56 101
58 98
52 100
53 100
55 99
59 98
56 103
56 102
58 100
56 98
56 99
59 97
57 103
57 102
57 101
59 100
57 98
60 97
54 99
59 99
57 97
60 96
58 102
58 101
61 99
58 96
60 99
58 97
61 96
54 98
55 98
61 98
58 95
60 98
62 95
59 102
59 101
62 98
59 95
59 96
63 95
55 97
56 97
62 97
59 94
61 97
63 94
60 101
60 100
64 97
60 93
63 97
60 94
60 95
64 94
56 96
57 96
65 96
60 91
64 96
60 92
63 96
62 96
64 93
61 100
66 96
61 91
61 92
61 93
61 94
61 95
65 93
62 99
67 95
62 90
66 95
62 91
65 95
62 92
64 95
62 93
62 94
65 92
63 99
63 98
68 95
63 90
63 91
63 92
63 93
66 92
68 94
63 89
67 94
66 94
65 94
67 91
64 98
69 94
64 89
64 90
64 91
64 92
68 91
69 93
64 88
68 93
67 93
66 93
68 90
65 97
70 93
65 88
65 89
65 90
65 91
69 90
70 92
65 87
69 92
68 92
67 92
69 89
71 92
66 87
66 88
66 89
66 90
66 91
70 89
67 96
72 91
67 86
71 91
67 87
70 91
67 88
69 91
67 89
67 90
70 88
68 96
73 91
68 86
68 87
68 88
68 89
71 88
73 90
68 85
72 90
71 90
70 90
71 87
69 95
74 90
69 85
69 86
69 87
69 88
72 87
74 89
69 84
73 89
72 89
71 89
73 86
70 96
70 95
70 94
70 85
70 86
70 87
74 86
63 88
74 88
70 84
73 88
72 88
74 85
71 95
71 94
71 93
76 88
71 83
75 88
71 84
71 85
71 86
75 85
64 87
76 87
71 82
75 87
74 87
73 87
75 84
72 94
72 93
72 92
72 83
72 84
72 85
72 86
76 84
66 86
73 93
73 92
77 86
73 82
76 86
73 83
75 86
73 84
73 85
77 83
74 93
74 92
74 91
78 86
74 82
74 83
74 84
78 82
67 85
79 85
74 80
78 85
74 81
77 85
76 85
79 82
75 92
75 91
75 90
75 89
75 81
75 82
75 83
79 81
68 84
79 84
75 80
78 84
77 84
80 81
76 91
76 90
76 89
80 84
76 80
76 81
76 82
76 83
81 80
70 83
77 90
77 89
77 88
77 87
81 83
77 79
80 83
77 80
79 83
77 81
78 83
77 82
82 80
78 89
72 82
78 88
78 87
82 82
78 78
81 82
78 79
80 82
78 80
78 81
82 79
79 89
79 88
79 87
79 86
83 82
79 78
79 79
79 80
83 79
72 81
73 81
83 81
79 77
82 81
81 81
84 78
80 88
80 87
80 86
80 85
84 81
80 77
80 78
80 79
80 80
85 78
81 87
81 86
81 85
81 84
85 80
81 76
84 80
81 77
83 80
81 78
81 79
85 77
82 87
82 86
82 85
82 84
82 83
86 80
82 76
82 77
82 78
86 77
75 79
76 79
84 79
87 76
83 86
83 85
83 84
83 83
85 79
83 77
83 78
88 76
77 78
84 85
84 84
84 83
84 82
86 78
84 76
84 77
88 75
85 85
85 84
85 83
85 82
85 81
88 78
85 75
87 78
85 76
89 75
78 77
87 77
90 74
86 84
86 83
86 82
86 81
86 79
88 77
86 75
86 76
91 74
80 76
87 83
87 82
87 81
83 76
87 80
87 79
89 76
87 74
87 75
92 74
88 83
88 82
88 81
88 80
88 79
90 76
88 74
92 73
81 75
82 75
83 75
84 75
90 75
88 73
93 73
89 82
89 81
89 80
89 79
89 78
89 77
91 75
89 73
89 74
94 73
83 74
90 81
84 74
90 80
85 74
90 79
86 74
90 78
90 77
90 72
90 73
94 72
91 81
91 80
91 79
91 78
91 77
91 76
93 74
91 72
91 73
95 72
92 81
92 80
92 79
92 78
92 77
92 76
92 75
94 74
92 72
96 72
85 73
86 73
87 73
92 71
96 71
93 80
93 79
93 78
93 77
93 76
93 75
95 73
93 71
93 72
97 71
94 80
94 79
94 78
94 77
94 76
94 75
96 73
94 71
98 71
87 72
88 72
89 72
94 70
99 71
95 79
95 78
95 77
95 76
95 75
95 74
97 72
95 70
95 71
100 71
96 79
96 78
96 77
96 76
96 75
96 74
98 72
96 70
100 70
89 71
90 71
91 71
96 69
101 70
97 78
97 77
97 76
97 75
97 74
97 73
97 69
97 70
102 70
98 78
98 77
98 76
98 75
98 74
98 73
98 69
98 70
103 70
99 78
99 77
99 76
99 75
99 74
99 73
99 72
101 71
99 69
99 70
104 70
100 73
100 72
102 71
100 69
105 70
100 67
100 68
106 70
101 72
101 66
101 67
101 68
101 69
107 70
102 72
102 65
102 66
102 67
102 68
102 69
108 70
103 72
103 71
103 65
103 66
103 67
103 68
103 69
109 70
104 72
104 71
104 65
104 66
104 67
104 68
104 69
110 70
105 72
105 71
105 65
105 66
105 67
105 68
105 69
111 70
106 72
106 71
106 65
106 66
106 67
106 68
106 69
112 70
107 72
107 71
113 70
107 64
107 65
107 66
107 67
107 68
107 69
108 72
108 71
115 70
108 63
114 70
108 64
108 65
108 66
108 67
108 68
108 69
109 72
109 71
116 70
109 63
109 64
109 65
109 66
109 67
109 68
109 69
114 71
110 72
110 71
117 70
110 63
110 64
110 65
110 66
110 67
110 68
110 69
115 71
111 72
111 71
118 70
111 63
111 64
111 65
111 66
111 67
111 68
111 69
116 71
112 72
112 71
119 70
112 63
112 64
112 65
112 66
112 67
112 68
112 69
117 71
113 72
113 71
120 70
113 63
113 64
113 65
113 66
113 67
113 68
113 69
118 71
114 72
114 64
114 65
114 66
114 67
114 68
114 69
119 71
114 73
120 71
119 72
115 73
115 72
121 71
115 65
115 66
115 67
115 68
115 69
120 72
116 73
116 72
122 71
116 65
116 66
116 67
116 68
116 69
121 72
117 73
117 72
117 66
117 67
117 68
117 69
122 72
118 73
118 72
124 71
118 65
123 71
118 66
118 67
118 68
118 69
123 72
119 73
119 66
119 67
119 68
119 69
123 73
119 74
124 72
124 73
120 74
120 73
125 72
120 67
120 68
120 69
125 73
121 74
121 73
126 72
121 67
121 68
121 69
121 70
126 73
122 74
122 73
127 72
122 67
122 68
122 69
122 70
127 74
123 74
128 72
123 67
123 68
123 69
123 70
128 74
123 75
128 73
127 73
129 74
124 75
124 74
124 69
124 70
130 75
125 75
125 74
130 73
125 68
129 73
125 69
125 70
125 71
131 75
126 75
126 74
131 73
126 68
126 69
126 70
126 71
132 75
127 76
127 75
132 74
127 69
131 74
127 70
130 74
127 71
132 76
128 76
128 75
128 70
128 71
133 76
129 76
129 75
134 74
129 69
133 74
129 70
129 71
129 72
134 76
130 77
130 76
135 75
130 70
134 75
130 71
133 75
130 72
135 76
131 77
131 76
136 75
131 70
131 71
131 72
135 77
132 77
132 71
132 72
132 73
136 77
132 78
137 76
136 76
137 77
133 78
133 77
133 72
133 73
137 78
134 78
134 77
139 76
134 71
138 76
134 72
134 73
138 78
135 78
140 76
135 71
135 72
135 73
135 74
139 78
135 79
139 77
138 77
140 79
136 79
136 78
140 77
136 73
136 74
141 79
137 79
141 77
137 73
137 74
137 75
141 80
137 80
141 78
140 78
142 80
138 80
138 79
142 78
138 74
138 75
143 80
139 80
139 79
143 78
139 74
139 75
143 81
140 81
140 80
145 79
140 74
144 79
140 75
143 79
142 79
144 81
141 75
141 76
144 82
144 80
145 82
145 83
146 83
146 84
147 84
147 85
148 85
149 86
150 87
151 87
152 87
152 86
153 86
154 86
155 86
156 86
157 86
151 86
152 85
157 85
153 84
153 85
153 87
158 85
154 84
154 85
154 87
159 85
155 84
155 85
155 87
160 85
156 84
156 85
156 87
160 84
157 84
158 86
157 87
161 84
157 83
162 84
158 83
158 84
163 84
159 83
159 84
159 86
164 84
160 82
160 83
162 85
160 87
161 85
160 86
164 83
160 81
165 83
161 81
161 82
161 83
166 83
162 81
162 82
162 83
167 83
163 81
163 82
163 83
163 85
168 82
164 81
164 82
166 84
164 86
165 84
164 85
169 82
164 80
170 82
165 80
165 81
165 82
165 85
171 82
166 79
166 80
166 81
166 82
168 83
166 85
171 81
167 79
167 80
167 81
167 82
169 83
167 85
167 84
172 81
168 78
168 79
168 80
168 81
168 84
173 81
169 78
169 79
169 80
169 81
169 84
174 81
170 78
170 79
170 80
170 81
172 82
170 84
170 83
175 80
171 78
171 79
171 80
173 82
171 84
171 83
176 80
171 76
171 77
177 80
172 76
172 77
172 78
172 79
172 80
172 83
178 80
173 75
173 76
173 77
173 78
173 79
173 80
175 81
173 83
179 79
174 75
174 76
174 77
174 78
174 79
174 80
176 81
174 83
174 82
180 79
175 74
175 75
175 76
175 77
175 78
175 79
175 82
181 79
176 73
176 74
176 75
176 76
176 77
176 78
176 79
176 82
182 79
177 73
177 74
177 75
177 76
177 77
177 78
177 79
179 80
177 82
177 81
183 78
178 73
178 74
178 75
178 76
178 77
178 78
178 79
180 80
178 82
178 81
184 78
179 72
179 73
179 74
179 75
179 76
179 77
179 78
179 81
185 78
180 72
180 73
180 74
180 75
180 76
180 77
180 78
180 81
186 78
181 72
181 73
181 74
181 75
181 76
181 77
181 78
183 79
181 81
181 80
187 78
182 72
182 73
182 74
182 75
182 76
182 77
182 78
184 79
182 81
182 80
188 77
183 71
183 72
183 73
183 74
183 75
183 76
183 77
183 80
189 77
184 71
184 72
184 73
184 74
184 75
184 76
184 77
184 80
190 77
185 71
185 72
185 73
185 74
185 75
185 76
185 77
185 80
185 79
191 77
186 71
186 72
186 73
186 74
186 75
186 76
186 77
188 78
186 80
186 79
192 77
187 71
187 72
187 73
187 74
187 75
187 76
187 77
189 78
187 80
187 79
193 77
188 70
188 71
188 72
188 73
188 74
188 75
188 76
188 79
194 77
189 70
189 71
189 72
189 73
189 74
189 75
189 76
189 79
194 76
190 70
190 71
190 72
190 73
190 74
190 75
190 76
190 79
190 78
195 76
191 70
191 71
191 72
191 73
191 74
191 75
191 76
191 79
191 78
196 76
192 70
192 71
192 72
192 73
192 74
192 75
192 76
192 79
192 78
197 76
193 70
193 71
193 72
193 73
193 74
193 75
193 76
195 77
193 79
193 78
198 76
194 70
194 71
194 72
194 73
194 74
194 75
196 77
194 79
194 78
199 76
194 69
200 76
195 69
195 70
195 71
195 72
195 73
195 74
195 75
195 78
201 76
196 69
196 70
196 71
196 72
196 73
196 74
196 75
196 78
202 76
197 69
197 70
197 71
197 72
197 73
197 74
197 75
197 78
197 77
203 76
198 69
198 70
198 71
198 72
198 73
198 74
198 75
198 78
198 77
204 76
199 69
199 70
199 71
199 72
199 73
199 74
199 75
199 78
199 77
205 76
200 69
200 70
200 71
200 72
200 73
200 74
200 75
200 78
200 77
206 76
201 69
201 70
201 71
201 72
201 73
201 74
201 75
201 78
201 77
207 76
202 69
202 70
202 71
202 72
202 73
202 74
202 75
202 78
202 77
207 77
203 69
203 70
203 71
203 72
203 73
203 74
203 75
203 78
203 77
208 77
204 69
204 70
204 71
204 72
204 73
204 74
204 75
204 78
204 77
209 77
205 70
205 71
205 72
205 73
205 74
205 75
205 78
205 77
210 77
206 70
206 71
206 72
206 73
206 74
206 75
208 76
206 78
206 77
211 78
207 70
207 71
207 72
207 73
207 74
207 75
209 76
207 78
212 78
207 79
213 79
208 71
208 72
208 73
208 74
208 75
208 79
208 78
214 79
209 71
209 72
209 73
209 74
209 75
211 77
209 79
209 78
214 80
210 71
210 72
210 73
210 74
210 75
210 76
212 77
210 79
210 78
215 80
211 73
211 74
211 75
211 76
213 78
211 80
211 79
215 81
212 73
212 74
212 75
212 76
214 78
212 80
212 79
216 81
213 81
213 80
216 79
213 76
215 79
213 77
216 82
214 81
218 79
214 75
217 79
214 76
214 77
217 82
214 82
219 80
218 80
217 80
216 80
217 83
215 82
220 80
215 75
215 76
215 77
215 78
218 83
215 83
220 81
219 81
218 81
217 81
218 84
216 83
221 81
216 76
216 77
216 78
218 85
216 84
221 82
220 82
219 82
218 82
219 85
217 84
223 82
217 76
222 82
217 77
217 78
219 86
217 85
222 83
221 83
220 83
219 83
219 87
224 83
218 77
223 83
218 78
220 87
218 86
222 84
221 84
220 84
219 84
220 88
216 85
218 87
222 85
221 85
220 85
221 89
224 85
223 85
221 90
217 86
219 88
225 86
224 86
223 86
222 86
221 86
220 86
221 91
217 87
219 89
224 87
223 87
222 87
221 87
222 91
220 89
225 87
222 92
218 88
220 90
225 88
224 88
223 88
222 88
221 88
222 93
226 89
225 89
224 89
223 89
222 89
223 94
219 90
221 92
226 90
225 90
224 90
223 90
222 90
223 95
219 91
221 93
220 91
225 91
224 91
223 91
223 96
226 91
224 97
220 92
222 94
226 92
225 92
224 92
223 92
224 98
219 93
222 96
220 93
222 95
226 93
225 93
224 93
223 93
224 99
221 94
227 94
226 94
225 94
224 94
224 100
221 95
223 97
227 95
226 95
225 95
224 95
225 100
221 96
223 98
227 96
226 96
225 96
224 96
225 101
222 97
228 97
227 97
226 97
225 97
225 102
222 98
228 98
227 98
226 98
225 98
225 103
221 99
224 102
222 99
224 101
223 99
228 99
227 99
226 99
225 99
225 104
221 100
224 103
222 100
223 100
227 100
226 100
226 105
228 100
226 106
223 101
228 101
227 101
226 101
226 107
223 102
229 102
228 102
227 102
226 102
226 108
223 103
225 105
229 103
228 103
227 103
226 103
226 109
223 104
225 106
224 104
229 104
228 104
227 104
226 104
227 110
224 105
230 105
229 105
228 105
227 105
227 111
224 106
230 106
229 106
228 106
227 106
227 112
223 107
226 110
224 107
225 107
230 107
229 107
228 107
227 107
227 113
223 108
226 111
224 108
225 108
230 108
229 108
228 108
227 108
227 114
223 109
226 112
224 109
225 109
230 109
229 109
228 109
227 109
227 115
224 110
225 110
231 110
230 110
229 110
228 110
228 115
224 111
225 111
231 111
230 111
229 111
228 111
228 116
224 112
225 112
231 112
230 112
229 112
228 112
228 117
224 113
227 116
225 113
226 113
230 113
229 113
228 113
228 118
224 114
227 117
225 114
226 114
230 114
229 114
228 114
228 119
224 115
227 118
225 115
226 115
230 115
229 115
228 120
231 115
229 120
225 116
226 116
231 116
230 116
229 116
229 121
225 117
226 117
231 117
230 117
229 117
229 122
224 118
228 122
225 118
228 121
226 118
231 118
230 118
229 118
229 123
224 119
228 123
225 119
226 119
227 119
231 119
230 119
229 119
229 124
223 120
228 125
224 120
228 124
225 120
226 120
227 120
231 120
230 120
229 125
232 120
230 126
225 121
226 121
227 121
232 121
231 121
230 121
230 127
225 122
229 126
226 122
227 122
232 122
231 122
230 122
230 128
225 123
229 127
226 123
227 123
232 123
231 123
230 123
230 129
225 124
229 128
226 124
227 124
232 124
231 124
230 124
230 130
225 125
229 129
226 125
227 125
232 125
231 125
230 125
231 131
226 126
227 126
228 126
233 126
232 126
231 126
231 132
226 127
230 131
227 127
228 127
233 127
232 127
231 127
231 133
226 128
230 132
227 128
228 128
233 128
232 128
231 128
231 134
226 129
230 133
227 129
228 129
233 129
232 129
231 129
231 135
226 130
230 134
227 130
228 130
229 130
232 130
231 130
232 136
227 131
228 131
229 131
233 131
232 131
232 137
227 132
231 136
228 132
229 132
233 132
232 132
232 138
227 133
231 137
228 133
229 133
233 133
232 133
232 139
227 134
231 138
228 134
229 134
233 134
232 134
233 140
226 135
231 140
227 135
231 139
228 135
229 135
230 135
234 135
233 135
232 135
233 141
226 136
232 142
227 136
232 141
228 136
232 140
229 136
230 136
235 136
234 136
233 136
233 142
225 137
232 144
226 137
232 143
227 137
228 137
229 137
230 137
235 137
234 137
233 137
233 143
225 138
232 145
226 138
227 138
228 138
229 138
230 138
234 138
233 138
234 143
225 139
232 146
226 139
227 139
228 139
229 139
230 139
234 139
233 139
234 144
226 140
233 147
227 140
233 146
228 140
233 145
229 140
233 144
230 140
235 140
234 140
234 145
226 141
233 148
227 141
228 141
229 141
230 141
231 141
235 141
234 141
234 146
226 142
233 149
227 142
228 142
229 142
230 142
231 142
235 142
234 142
235 146
226 143
233 150
227 143
228 143
229 143
230 143
231 143
235 143
235 147
234 150
234 149
234 148
234 147
236 143
235 148
227 144
234 151
228 144
229 144
230 144
231 144
236 144
235 144
235 149
227 145
234 152
228 145
229 145
230 145
231 145
236 145
235 145
236 149
227 146
234 153
228 146
229 146
230 146
231 146
236 146
236 150
235 153
235 152
235 151
235 150
237 146
236 151
228 147
235 154
229 147
230 147
231 147
232 147
237 147
236 147
237 152
228 148
235 155
229 148
230 148
231 148
232 148
237 148
236 148
237 153
228 149
235 156
229 149
230 149
231 149
232 149
237 149
238 154
236 156
236 155
236 154
236 153
236 152
238 149
238 155
229 150
236 157
230 150
231 150
232 150
238 150
237 150
239 156
229 151
236 158
230 151
231 151
232 151
233 151
238 151
237 151
239 157
230 152
237 159
231 152
237 158
232 152
237 157
233 152
237 156
237 155
237 154
239 152
238 152
240 157
230 153
237 160
231 153
232 153
233 153
239 153
238 153
240 158
231 154
238 161
232 154
238 160
233 154
238 159
234 154
238 158
238 157
238 156
240 154
239 154
240 159
231 155
238 162
232 155
233 155
234 155
241 155
240 155
239 155
241 159
246 156
239 163
245 156
239 162
244 156
239 161
243 156
239 160
242 156
239 159
241 156
239 158
240 156
241 160
246 157
239 164
245 157
244 157
243 157
242 157
241 157
242 160
247 157
240 164
240 163
240 162
240 161
240 160
242 161
247 158
240 165
246 158
245 158
244 158
243 158
242 158
241 158
243 162
247 159
240 166
246 159
245 159
244 159
243 159
242 159
244 163
248 159
241 166
241 165
241 164
241 163
241 162
241 161
244 164
248 160
241 167
247 160
246 160
245 160
244 160
243 160
245 164
249 160
242 167
242 166
242 165
242 164
242 163
242 162
245 165
249 161
242 168
248 161
247 161
246 161
245 161
244 161
243 161
246 165
250 162
243 169
249 162
243 168
248 162
243 167
247 162
243 166
246 162
243 165
245 162
243 164
244 162
243 163
246 166
250 163
244 169
249 163
244 168
248 163
244 167
247 163
244 166
246 163
244 165
245 163
247 166
251 164
244 171
250 164
244 170
249 164
248 164
247 164
246 164
247 167
245 170
245 169
245 168
245 167
245 166
248 167
251 165
245 171
250 165
249 165
248 165
247 165
248 168
246 170
246 169
246 168
246 167
249 168
251 166
246 171
250 166
249 166
248 166
249 169
252 166
247 171
247 170
247 169
247 168
250 169
252 167
247 172
251 167
250 167
249 167
250 170
253 167
248 172
248 171
248 170
248 169
251 170
254 168
248 174
253 168
248 173
252 168
251 168
250 168
251 171
249 173
249 172
249 171
249 170
252 171
254 169
249 174
253 169
252 169
251 169
252 172
255 169
250 174
250 173
250 172
250 171
253 172
255 170
250 175
254 170
253 170
252 170
254 173
256 170
251 175
251 174
251 173
251 172
255 174
255 171
254 171
253 171
256 174
256 171
252 175
252 174
252 173
256 175
256 172
252 176
255 172
254 172
257 175
257 172
253 176
253 175
253 174
253 173
257 176
258 173
254 177
257 173
254 176
256 173
254 175
255 173
254 174
258 176
259 174
255 178
258 174
255 177
257 174
255 176
255 175
258 177
260 174
256 178
256 177
256 176
259 177
260 175
256 179
259 175
258 175
259 178
261 175
257 179
257 178
257 177
260 178
261 176
257 180
260 176
259 176
260 179
262 176
258 180
258 179
258 178
261 179
262 177
258 181
261 177
260 177
262 180
259 180
259 179
263 180
263 178
259 182
262 178
259 181
261 178
263 181
264 178
260 182
260 181
260 180
264 181
263 179
262 179
264 182
264 179
261 182
261 181
261 180
265 182
266 180
262 184
265 180
262 183
264 180
262 182
262 181
265 183
267 180
263 184
263 183
263 182
266 183
266 181
265 181
266 184
268 181
264 185
267 181
264 184
264 183
267 184
268 182
264 186
267 182
266 182
267 185
269 182
265 186
265 185
265 184
268 185
269 183
265 187
268 183
267 183
268 186
266 186
266 185
269 186
269 184
266 187
268 184
269 187
270 184
267 187
267 186
270 187
270 185
267 188
269 185
270 188
272 185
268 189
271 185
268 188
268 187
271 188
272 186
268 190
271 186
270 186
271 189
269 189
269 188
272 189
272 187
269 190
271 187
272 190
273 187
270 190
270 189
273 190
273 188
270 191
272 188
273 191
274 188
271 191
271 190
274 191
274 189
271 192
273 189
274 192
276 189
272 193
275 189
272 192
272 191
275 192
276 190
272 194
275 190
274 190
275 193
273 193
273 192
275 194
276 191
273 194
275 191
276 194
277 191
274 194
274 193
276 195
277 192
274 195
276 192
277 196
278 192
275 195
277 197
278 193
275 196
277 193
276 193
278 197
278 194
275 197
277 194
278 198
279 194
276 197
276 196
278 199
279 195
276 198
278 195
277 195
279 199
281 196
277 200
280 196
277 199
279 196
277 198
278 196
279 200
281 197
277 201
280 197
279 197
279 201
278 200
279 202
281 198
278 201
280 198
279 198
279 203
281 199
278 202
280 199
276 199
279 204
282 199
280 204
282 200
281 200
280 200
280 205
282 201
281 201
280 201
279 205
282 202
281 202
280 202
277 202
279 206
282 203
281 203
280 203
277 203
278 203
279 207
282 204
281 204
277 204
278 204
279 208
283 204
280 207
280 206
279 209
283 205
280 208
282 205
281 205
279 210
278 205
278 210
277 206
278 206
282 206
281 206
278 211
277 207
278 207
282 207
281 207
278 212
277 208
278 208
282 208
279 211
281 208
277 213
277 209
278 209
282 209
279 212
281 209
280 209
277 214
277 210
282 210
279 213
281 210
280 210
276 214
278 213
276 215
277 211
281 211
278 214
280 211
276 216
277 212
281 212
278 215
280 212
275 216
276 213
280 213
277 216
277 215
275 217
280 214
277 217
279 214
274 218
275 214
276 217
274 219
275 215
279 215
276 218
273 219
279 216
276 219
278 216
273 220
274 216
275 219
275 218
272 221
274 217
278 217
275 220
272 222
273 218
277 218
274 221
274 220
271 222
277 219
274 222
270 223
272 219
273 222
273 221
270 224
272 220
276 220
273 223
269 224
271 221
275 221
272 224
272 223
269 225
275 222
272 225
268 225
270 222
271 225
271 224
271 223
268 226
269 223
270 226
270 225
267 226
273 224
270 227
267 227
268 224
269 227
269 226
266 227
269 228
266 228
267 225
268 228
268 227
265 228
271 226
268 229
265 229
266 226
267 229
267 228
264 229
267 230
264 230
265 227
266 230
266 229
263 230
266 231
263 231
264 228
265 231
265 230
262 231
265 232
262 232
263 229
264 232
264 231
261 232
264 233
261 233
262 230
263 233
263 232
260 233
263 234
260 234
261 231
262 234
262 233
259 234
262 235
259 235
260 232
261 235
261 234
258 235
261 236
258 236
259 233
260 236
260 235
257 236
264 234
260 238
260 237
257 237
258 234
259 237
259 236
256 237
259 238
256 238
256 235
258 233
257 235
258 238
258 237
255 238
256 236
258 239
255 239
257 239
257 238
254 239
261 237
257 241
257 240
254 240
255 237
256 241
256 240
256 239
253 240
256 242
253 241
254 238
255 241
255 240
252 241
259 239
255 243
255 242
252 242
252 239
254 237
253 239
254 242
254 241
251 242
252 240
254 243
251 243
253 243
253 242
250 243
253 244
250 244
251 241
252 244
252 243
249 244
252 245
249 245
250 242
251 245
251 244
248 245
251 246
248 246
249 243
250 246
250 245
247 246
250 247
247 247
248 244
249 247
249 246
246 247
249 248
246 248
247 245
248 248
248 247
245 248
248 249
245 249
246 246
247 249
247 248
244 249
247 250
244 250
245 247
246 250
246 249
243 250
246 251
243 251
244 248
245 251
245 250
242 251
245 252
242 252
243 249
244 252
244 251
241 252
244 253
241 253
242 250
243 253
243 252
240 253
243 254
240 254
241 251
242 254
242 253
239 255
242 255
239 256
240 252
241 255
241 254
238 256
241 256
238 257
239 253
240 256
240 255
237 257
239 254
240 257
237 258
238 255
239 258
239 257
237 259
242 256
239 259
236 259
237 256
238 259
238 258
236 260
241 257
238 260
235 261
236 257
237 260
235 262
236 258
240 258
237 261
234 263
234 264
234 265
234 266
234 267
233 267
233 268
233 269
233 270
234 270
234 271
234 272
232 268
234 273
231 269
233 271
232 269
234 274
231 270
233 272
232 270
234 275
235 270
234 269
235 275
231 271
232 271
235 271
235 276
231 272
232 272
236 272
235 272
235 277
231 273
234 276
232 273
233 273
236 273
235 273
236 277
231 274
234 277
232 274
233 274
236 274
235 274
236 278
230 275
234 279
231 275
234 278
232 275
233 275
236 275
236 279
235 279
235 278
237 275
237 279
231 276
235 280
232 276
233 276
237 276
236 276
237 280
231 277
235 281
232 277
233 277
237 277
237 281
236 281
236 280
238 277
238 281
231 278
236 283
232 278
236 282
233 278
238 278
237 278
238 282
232 279
233 279
238 279
238 283
237 283
237 282
239 279
239 283
233 280
237 284
234 280
239 280
238 280
239 284
233 281
237 285
234 281
239 281
240 284
238 286
238 285
238 284
240 281
240 285
232 282
238 288
233 282
238 287
234 282
235 282
240 282
239 282
241 286
233 283
234 283
235 283
240 283
241 287
239 289
239 288
239 287
239 286
239 285
241 283
242 287
234 284
235 284
236 284
241 284
242 288
240 290
240 289
240 288
240 287
240 286
242 284
243 289
235 285
236 285
242 285
241 285
243 290
236 286
241 291
237 286
241 290
241 289
241 288
243 286
242 286
244 290
235 287
241 293
236 287
241 292
237 287
243 287
244 291
242 292
242 291
242 290
242 289
244 287
245 291
237 288
242 293
244 288
243 288
245 292
238 289
243 294
243 293
243 292
243 291
245 289
244 289
245 293
238 290
243 295
239 290
245 290
246 293
244 295
244 294
244 293
244 292
246 290
246 294
239 291
244 296
240 291
246 291
247 294
245 297
245 296
245 295
245 294
247 291
247 295
239 292
245 298
240 292
247 292
246 292
248 296
239 293
245 299
240 293
247 293
248 297
246 300
246 299
246 298
246 297
246 296
246 295
248 293
249 297
239 294
246 301
240 294
241 294
242 294
248 294
249 298
247 301
247 300
247 299
247 298
247 297
247 296
249 294
250 298
240 295
247 302
241 295
242 295
249 295
248 295
250 299
255 296
248 303
254 296
248 302
253 296
248 301
252 296
248 300
251 296
248 299
250 296
248 298
249 296
251 299
255 297
248 304
254 297
253 297
252 297
251 297
250 297
251 300
256 297
249 304
249 303
249 302
249 301
249 300
249 299
252 300
255 298
254 298
253 298
252 298
251 298
252 301
250 303
250 302
250 301
250 300
253 301
254 299
253 299
252 299
253 302
251 302
251 301
254 302
253 300
254 303
255 303
255 304
256 304
256 305
257 305
257 306
258 306
258 307
259 307
259 308
260 308
260 309
261 309
261 310
262 310
262 311
262 312
263 312
263 313
263 314
263 315
264 316
263 316
263 317
263 318
263 319
263 320
262 320
262 321
262 322
261 322
261 323
261 324
260 324
260 325
259 325
259 326
258 326
258 327
258 328
257 328
257 329
256 329
256 330
255 330
255 331
254 331
254 332
253 332
253 333
252 333
252 334
251 335
250 336
250 337
249 337
249 338
248 338
248 339
247 339
247 340
246 340
246 341
245 341
245 342
244 342
244 343
243 343
243 344
243 345
242 345
242 346
241 346
241 347
240 347
240 348
240 349
239 349
239 350
238 350
238 351
238 352
238 353
237 353
237 354
237 355
237 356
236 356
236 357
236 358
236 359
236 360
236 361
236 362
235 363
235 364
235 365
235 366
235 367
235 368
235 369
235 370
235 371
235 372
235 373
235 374
235 375
235 376
234 376
234 377
234 378
234 379
233 379
233 380
233 381
233 382
233 383
232 383
232 384
232 385
232 386
231 386
231 387
231 388
230 389
230 390
230 391
230 392
229 392
229 393
229 394
229 395
229 396
228 396
228 397
229 397
229 398
229 399
228 398
227 397
230 397
231 398
230 398
227 398
232 399
231 399
230 399
226 399
227 399
228 399
330 399
331 399
331 398
332 397
332 398
332 399
332 396
333 396
333 397
333 398
333 399
333 395
336 399
334 395
334 396
334 397
334 398
334 399
337 399
334 394
337 398
335 394
335 395
335 396
335 397
335 398
335 399
338 398
335 393
338 397
336 393
336 394
336 395
336 396
336 397
336 398
339 397
343 399
342 399
341 399
340 399
339 399
338 399
329 399
336 392
339 396
344 399
337 392
337 393
337 394
337 395
337 396
337 397
340 396
344 398
343 398
342 398
341 398
340 398
339 398
330 398
337 391
340 395
345 398
338 391
338 392
338 393
338 394
338 395
338 396
341 395
345 397
344 397
343 397
342 397
341 397
340 397
331 397
338 390
341 394
346 397
339 390
339 391
339 392
339 393
339 394
339 395
342 394
346 396
345 396
344 396
343 396
342 396
341 396
339 389
342 393
347 396
340 389
340 390
340 391
340 392
340 393
340 394
343 393
347 395
346 395
345 395
344 395
343 395
342 395
340 388
343 392
348 395
341 388
341 389
341 390
341 391
341 392
341 393
343 391
348 394
347 394
346 394
345 394
344 394
343 394
341 387
344 391
349 394
342 387
342 388
342 389
342 390
342 391
342 392
344 390
349 393
348 393
347 393
346 393
345 393
344 393
342 386
345 390
350 393
343 386
343 387
343 388
343 389
343 390
345 389
350 392
349 392
348 392
347 392
346 392
345 392
344 392
343 385
346 389
350 391
349 391
348 391
347 391
346 391
345 391
336 391
343 384
346 388
351 391
344 384
344 385
344 386
344 387
344 388
344 389
347 387
351 390
350 390
349 390
348 390
347 390
346 390
337 390
344 383
347 386
352 390
345 383
345 384
345 385
345 386
345 387
345 388
348 386
352 389
351 389
350 389
349 389
348 389
347 389
338 389
345 382
348 385
353 389
346 382
346 383
346 384
346 385
346 386
346 387
348 384
353 388
352 388
351 388
350 388
349 388
348 388
347 388
339 388
346 381
349 384
354 387
353 387
352 387
351 387
350 387
349 387
348 387
340 387
347 380
347 381
347 382
347 383
347 384
347 385
349 383
354 386
353 386
352 386
351 386
350 386
349 386
340 386
347 379
341 386
349 382
355 386
348 379
348 380
348 381
348 382
348 383
349 381
355 385
354 385
353 385
352 385
351 385
350 385
349 385
341 385
348 378
342 385
350 381
355 384
354 384
353 384
352 384
351 384
350 384
341 384
348 377
342 384
350 380
356 384
349 377
349 378
349 379
349 380
350 379
356 383
355 383
354 383
353 383
352 383
351 383
350 383
342 383
349 376
343 383
350 378
356 382
355 382
354 382
353 382
352 382
351 382
350 382
342 382
349 375
343 382
344 382
350 377
356 381
355 381
354 381
353 381
352 381
351 381
342 381
349 374
343 381
344 381
345 381
350 376
357 381
350 374
350 375
356 380
355 380
354 380
353 380
352 380
351 380
343 380
350 373
344 380
345 380
346 380
356 379
355 379
354 379
353 379
352 379
351 379
343 379
350 372
344 379
345 379
346 379
355 378
354 378
353 378
352 378
351 378
344 378
345 378
346 378
347 378
349 373
354 377
353 377
352 377
351 377
345 377
346 377
347 377
349 372
353 376
352 376
351 376
346 376
347 376
348 376
349 371
352 375
351 375
347 375
348 375
349 370
351 374
348 374
349 369
349 368
348 368
348 367
348 366
348 365
347 365
347 364
347 363
347 362
346 362
346 361
346 360
346 359
345 359
345 358
345 357
344 356
344 355
344 354
343 354
343 353
343 352
343 351
342 350
342 349
342 348
342 347
341 347
341 346
341 345
341 344
341 343
341 342
341 341
341 340
341 339
341 338
341 337
341 336
341 335
342 335
342 334
342 333
342 332
343 332
343 331
343 330
344 330
341 333
344 329
341 332
342 331
345 329
344 332
343 333
345 328
344 331
341 331
343 329
346 327
341 330
343 328
342 330
347 326
345 330
344 328
347 325
342 329
344 327
348 325
346 329
345 327
348 324
346 328
345 326
349 324
347 327
346 325
346 326
350 323
348 326
347 324
351 322
345 325
347 323
352 322
349 325
348 323
352 321
346 324
348 322
353 321
350 324
349 322
349 323
353 320
351 323
350 321
350 322
354 320
351 320
351 321
354 319
353 322
352 323
352 320
355 319
352 319
355 318
354 321
353 319
356 318
353 318
357 318
355 320
354 318
357 317
354 317
358 317
356 319
355 317
358 316
355 316
359 316
356 316
356 317
360 315
358 318
357 319
357 316
361 315
357 315
361 314
359 317
358 315
362 314
358 314
362 313
360 316
359 314
359 315
363 313
360 313
360 314
364 313
362 315
361 316
361 313
364 312
363 314
361 312
365 312
364 314
362 316
362 312
365 311
362 311
366 311
365 313
363 315
363 311
363 312
367 310
366 313
364 315
364 311
368 310
367 312
366 312
364 310
368 309
365 314
365 310
369 309
367 311
365 309
369 308
368 311
366 309
366 310
370 308
369 310
367 308
367 309
371 308
370 310
368 312
368 308
371 307
370 309
368 307
372 307
371 309
369 311
369 307
372 306
369 306
373 306
372 308
370 306
370 307
373 305
373 308
371 310
371 306
374 305
373 307
371 305
375 305
374 307
372 309
372 305
375 304
374 306
372 304
376 304
375 306
373 304
376 303
373 303
377 303
376 305
374 303
374 304
377 302
377 305
375 307
375 303
378 302
377 304
375 302
378 301
378 304
376 306
376 302
379 301
378 303
376 301
379 300
379 303
377 301
380 300
379 302
377 300
380 299
380 302
378 300
381 299
380 301
378 299
381 298
381 301
379 299
382 298
381 300
379 298
382 297
382 300
380 298
383 296
382 299
380 297
383 295
383 299
381 297
384 295
383 298
381 296
384 294
384 298
382 296
385 293
384 297
383 297
382 295
385 292
384 296
386 292
386 291
386 290
386 289
387 289
387 288
387 292
386 293
387 287
387 291
384 291
385 291
387 286
387 290
384 290
386 288
385 290
387 285
384 289
386 287
385 289
388 285
388 289
388 284
389 288
388 288
385 288
388 283
389 287
388 287
385 287
388 282
390 286
389 286
388 286
385 286
387 284
386 286
388 281
391 285
390 285
389 285
385 285
387 283
386 285
388 280
392 285
389 279
392 284
391 284
390 284
389 284
386 284
389 278
392 283
391 283
390 283
389 283
386 283
389 277
392 282
391 282
390 282
389 282
386 282
387 282
389 276
392 281
391 281
390 281
389 281
386 281
388 279
387 281
389 275
392 280
391 280
390 280
389 280
386 280
388 278
387 280
389 274
393 279
392 279
391 279
390 279
387 279
389 273
393 278
392 278
391 278
390 278
387 278
389 272
393 277
392 277
391 277
390 277
387 277
388 277
389 271
393 276
392 276
391 276
390 276
387 276
388 276
389 270
393 275
392 275
391 275
390 275
387 275
388 275
389 269
393 274
392 274
391 274
390 274
387 274
388 274
389 268
393 273
392 273
391 273
390 273
387 273
388 273
389 267
393 272
392 272
391 272
390 272
387 272
388 272
389 266
393 271
392 271
391 271
390 271
387 271
388 271
389 265
393 270
392 270
391 270
390 270
387 270
388 270
389 264
393 269
392 269
391 269
390 269
387 269
388 269
389 263
393 268
392 268
391 268
390 268
387 268
388 268
389 262
393 267
392 267
391 267
390 267
387 267
388 267
389 261
393 266
392 266
391 266
390 266
387 266
388 266
389 260
393 265
392 265
391 265
390 265
387 265
388 265
389 259
393 264
392 264
391 264
390 264
387 264
388 264
389 258
393 263
392 263
391 263
390 263
387 263
388 263
389 257
393 262
392 262
391 262
390 262
387 262
388 262
389 256
393 261
392 261
391 261
390 261
387 261
388 261
389 255
393 260
392 260
391 260
390 260
387 260
388 260
388 255
393 259
392 259
391 259
390 259
387 259
388 259
388 254
393 258
392 258
391 258
390 258
387 258
388 258
388 253
393 257
392 257
391 257
390 257
387 257
388 257
388 252
393 256
392 256
391 256
390 256
387 256
389 254
388 256
388 251
393 255
392 255
391 255
390 255
387 255
389 253
388 250
386 255
388 249
392 254
391 254
390 254
386 254
387 254
388 248
392 253
391 253
390 253
386 253
387 253
388 247
392 252
391 252
390 252
389 252
386 252
387 252
388 246
392 251
391 251
390 251
389 251
386 251
387 251
388 245
392 250
391 250
390 250
389 250
386 250
387 250
387 245
392 249
391 249
390 249
389 249
386 249
387 249
387 244
392 248
391 248
390 248
389 248
386 248
387 248
387 243
392 247
391 247
390 247
389 247
386 247
387 247
387 242
392 246
391 246
390 246
389 246
386 246
388 244
387 246
387 241
392 245
391 245
390 245
389 245
386 245
388 243
387 240
385 245
387 239
391 244
390 244
389 244
385 244
386 244
387 238
391 243
390 243
389 243
385 243
386 243
387 237
391 242
390 242
389 242
388 242
385 242
386 242
386 236
391 241
390 241
389 241
388 241
385 241
386 241
386 235
392 240
391 240
390 240
389 240
388 240
385 240
386 240
386 234
392 239
391 239
390 239
389 239
388 239
385 239
386 239
386 233
392 238
391 238
390 238
389 238
388 238
385 238
387 236
386 238
385 233
389 237
388 237
384 237
387 234
385 237
387 235
386 237
385 232
388 236
383 236
384 236
385 236
386 232
388 235
383 235
384 235
385 235
386 231
388 234
383 234
384 234
385 234
386 230
388 233
387 233
383 233
384 233
387 230
385 231
387 229
384 232
388 229
388 228
389 228
389 227
390 227
391 227
391 226
392 226
393 226
393 225
394 225
394 224
395 224
396 224
396 223
397 223
398 222
399 222
399 221
