t.p
15 209
37 132
74 130
88 152
107 167
111 172
173 202
174 212
199 255
224 264
251 334
349 320
383 338
end
0 221
1 221
1 220
2 220
2 219
3 219
4 219
4 218
5 218
5 217
6 217
7 217
7 216
8 216
8 215
9 215
9 214
10 214
10 213
11 213
11 212
12 212
12 211
13 211
13 210
14 210
14 209
15 209
15 208
15 207
16 207
16 206
16 205
17 205
17 204
17 203
18 202
18 201
18 200
19 200
19 199
19 198
19 197
20 196
20 195
20 194
20 193
20 192
21 192
21 191
21 190
21 189
21 188
22 187
22 186
22 185
22 184
22 183
22 182
23 181
23 180
23 179
23 178
23 177
23 176
24 175
24 174
24 173
24 172
24 171
24 170
24 169
25 168
25 167
25 166
25 165
25 164
25 163
25 162
26 162
26 161
26 160
26 159
26 158
26 157
27 156
27 155
27 154
27 153
27 152
27 151
28 151
28 150
28 149
28 148
28 147
29 147
29 146
29 145
29 144
30 144
30 143
30 142
30 141
31 141
31 140
31 139
31 138
32 138
32 137
33 136
33 135
34 135
34 134
35 133
35 132
36 132
37 132
37 131
38 131
38 130
39 130
40 130
37 133
40 129
35 131
36 131
41 129
38 134
38 133
38 132
42 129
34 130
35 130
36 130
37 130
38 129
42 128
39 134
39 133
39 132
39 131
39 129
43 128
40 134
40 133
40 132
40 131
41 130
44 128
36 129
37 129
40 127
40 128
45 128
41 133
41 132
41 131
43 129
41 127
41 128
45 127
42 134
42 133
42 132
42 131
42 130
44 129
42 127
46 127
37 128
38 128
39 128
42 126
47 127
43 133
43 132
43 131
43 130
43 126
43 127
48 127
44 133
44 132
44 131
44 130
46 128
44 126
44 127
49 127
45 133
45 132
45 131
45 130
45 129
47 128
45 126
49 126
45 125
50 126
46 132
46 131
46 130
46 129
46 125
46 126
51 126
47 132
47 131
47 130
47 129
47 125
47 126
52 126
48 132
48 131
48 130
48 129
48 128
50 127
48 125
48 126
53 126
49 132
49 131
49 130
49 129
49 128
51 127
49 125
54 126
49 124
55 126
50 131
50 130
50 129
50 128
50 124
50 125
56 126
51 131
51 130
51 129
51 128
51 124
51 125
57 126
52 131
52 130
52 129
52 128
52 127
52 124
52 125
58 126
53 131
53 130
53 129
53 128
53 127
53 124
53 125
59 126
54 131
54 130
54 129
54 128
54 127
54 124
54 125
60 126
55 131
55 130
55 129
55 128
55 127
55 124
55 125
61 126
56 131
56 130
56 129
56 128
56 127
56 124
56 125
62 126
57 131
57 130
57 129
57 128
57 127
57 124
57 125
63 126
58 131
58 130
58 129
58 128
58 127
58 124
58 125
63 127
59 131
59 130
59 129
59 128
59 127
59 124
59 125
64 127
60 131
60 130
60 129
60 128
60 127
60 124
60 125
65 127
61 131
61 130
61 129
61 128
61 127
61 124
61 125
66 127
62 131
62 130
62 129
62 128
62 127
64 126
62 124
62 125
67 127
63 131
63 130
63 129
63 128
65 126
63 124
63 125
68 127
63 132
68 128
64 132
64 131
64 130
64 129
64 128
64 125
69 128
65 132
65 131
65 130
65 129
65 128
65 125
70 128
66 132
66 131
66 130
66 129
66 128
66 125
66 126
71 128
67 132
67 131
67 130
67 129
67 128
69 127
67 125
67 126
71 129
68 132
68 131
68 130
68 129
70 127
68 125
68 126
72 129
68 133
73 129
69 133
69 132
69 131
69 130
69 129
69 126
74 130
70 133
70 132
70 131
70 130
70 129
72 128
70 126
75 130
71 133
71 132
71 131
71 130
73 128
71 126
71 127
75 131
71 134
76 131
72 134
72 133
72 132
72 131
72 130
74 129
72 127
76 132
73 134
73 133
73 132
73 131
73 130
75 129
73 127
77 132
74 136
74 135
74 134
74 133
74 132
74 131
76 130
74 128
77 133
75 135
75 134
75 133
75 132
78 133
75 136
78 134
76 135
76 134
76 133
79 134
79 135
77 134
79 136
80 136
80 137
80 138
81 138
81 139
81 140
82 141
82 142
82 143
83 143
83 144
83 145
84 145
84 146
84 147
85 147
85 148
85 149
86 149
86 150
87 150
87 151
88 151
88 152
89 153
90 154
91 154
91 155
92 155
92 156
93 156
93 157
94 157
94 158
95 158
96 158
96 159
97 159
97 160
98 160
99 160
99 161
100 161
98 159
97 158
100 162
96 160
97 161
101 162
98 161
102 163
100 160
99 159
103 163
99 162
103 164
101 161
104 164
100 163
104 165
101 163
102 162
105 165
102 164
105 166
104 163
103 162
106 166
103 165
107 166
105 164
107 167
104 166
107 168
106 165
108 168
108 169
109 169
109 170
106 167
108 167
109 171
106 168
107 169
109 168
110 171
110 168
108 166
111 172
108 170
110 169
112 172
111 169
109 167
112 173
107 170
109 172
111 170
110 170
113 173
107 171
109 173
108 171
111 171
114 173
110 174
110 173
110 172
112 171
114 174
108 172
113 172
111 174
111 173
115 174
112 169
112 170
114 172
112 174
116 174
112 175
116 175
113 170
113 171
115 173
113 175
113 174
117 175
114 170
114 171
116 173
114 175
118 175
114 176
118 176
115 171
115 172
117 174
115 176
115 175
119 176
116 171
116 172
118 174
116 176
120 176
116 177
120 177
117 172
117 173
119 175
117 177
117 176
121 177
118 172
118 173
120 175
118 177
122 177
118 178
122 178
119 173
119 174
121 176
119 178
119 177
123 178
120 173
120 174
122 176
120 178
124 178
120 179
125 179
121 174
121 175
123 177
121 179
121 178
126 179
122 174
122 175
124 177
122 179
127 179
122 180
127 180
123 175
123 176
125 178
123 180
123 179
128 180
124 175
124 176
126 178
124 180
124 179
129 180
125 176
125 177
125 181
125 180
130 181
126 176
126 177
128 179
126 181
126 180
131 181
127 176
127 177
127 178
129 179
127 181
132 181
127 182
132 182
128 177
128 178
130 180
128 182
128 181
133 182
129 177
129 178
131 180
129 182
129 181
134 182
130 178
130 179
130 183
130 182
135 183
131 178
131 179
133 181
131 183
131 182
136 183
132 178
132 179
132 180
134 181
132 183
137 183
132 184
137 184
133 179
133 180
135 182
133 184
133 183
138 184
134 179
134 180
136 182
134 184
134 183
139 184
135 180
135 181
135 185
135 184
140 185
136 180
136 181
138 183
136 185
136 184
141 185
137 180
137 181
137 182
139 183
137 185
142 185
137 186
142 186
138 181
138 182
140 184
138 186
138 185
143 186
139 181
139 182
141 184
139 186
139 185
144 186
140 181
140 182
140 183
140 187
140 186
145 187
141 181
141 182
141 183
143 185
141 187
141 186
146 187
142 181
142 182
142 183
142 184
144 185
142 187
147 187
142 188
147 188
143 183
143 184
145 186
143 188
143 187
148 188
144 182
144 183
144 184
146 186
144 188
144 187
149 188
145 183
145 184
145 185
145 189
145 188
149 189
146 183
146 184
146 185
148 187
146 189
146 188
150 189
147 183
147 184
147 185
147 186
149 187
147 189
151 189
147 190
152 190
148 184
148 185
148 186
150 188
148 190
148 189
153 190
149 184
149 185
149 186
151 188
149 190
154 190
149 191
154 191
150 185
150 186
150 187
152 189
150 191
150 190
155 191
151 185
151 186
151 187
153 189
151 191
151 190
156 191
152 186
152 187
152 188
152 192
152 191
156 192
153 186
153 187
153 188
155 190
153 192
153 191
157 192
154 186
154 187
154 188
154 189
156 190
154 192
158 192
154 193
159 193
155 187
155 188
155 189
157 191
155 193
155 192
160 193
156 187
156 188
156 189
158 191
156 193
161 194
156 194
162 194
157 188
157 189
157 190
159 192
157 194
157 193
163 195
158 188
158 189
158 190
160 192
158 194
158 193
164 195
159 189
159 190
159 191
161 193
159 195
159 194
164 196
160 189
160 190
160 191
162 193
160 195
160 194
165 196
161 190
161 191
161 192
163 194
161 196
161 195
166 196
162 190
162 191
162 192
164 194
162 196
162 195
166 197
163 191
163 192
163 193
165 195
163 197
163 196
167 197
164 191
164 192
164 193
166 195
164 197
168 197
160 196
164 198
168 198
165 192
165 193
165 194
167 196
165 198
165 197
169 198
166 192
166 193
166 194
168 196
166 198
169 199
162 197
166 199
170 199
167 193
167 194
167 195
169 197
167 199
167 198
171 200
168 193
168 194
168 195
170 197
168 199
172 200
170 198
168 200
172 201
169 195
169 196
173 201
173 202
173 203
173 204
174 204
174 205
173 205
173 206
173 207
173 208
173 209
173 210
173 211
174 211
172 207
174 207
174 212
172 208
174 208
174 213
172 209
174 209
174 214
172 210
174 210
175 214
172 211
173 212
175 215
175 216
175 217
172 213
174 215
173 213
176 217
172 214
174 216
173 214
176 218
176 214
175 213
176 219
172 215
175 218
173 215
176 215
177 219
172 216
175 219
173 216
176 216
177 220
172 217
175 220
173 217
174 217
177 221
176 220
177 217
177 222
173 218
176 221
174 218
177 218
178 222
173 219
176 222
174 219
178 223
178 219
178 224
174 220
177 223
178 220
179 224
174 221
177 224
175 221
178 221
179 225
174 222
177 225
175 222
179 226
178 225
179 222
180 226
175 223
178 226
176 223
179 223
180 227
175 224
178 227
176 224
180 228
179 227
180 224
181 228
176 225
179 228
180 225
181 229
176 226
179 229
177 226
181 230
180 229
181 226
182 230
177 227
180 230
181 227
182 231
177 228
180 231
178 228
182 232
181 231
182 228
183 232
178 229
181 232
182 229
183 233
178 230
181 233
179 230
184 234
182 233
183 230
184 235
179 231
182 234
183 231
185 236
179 232
182 235
180 232
185 237
183 235
183 234
184 232
186 237
180 233
183 236
184 233
186 238
180 234
184 238
181 234
184 237
184 236
185 234
186 239
180 235
184 239
181 235
186 235
185 235
187 239
181 236
185 240
182 236
185 239
185 238
187 236
186 236
187 240
180 237
185 242
181 237
185 241
182 237
183 237
188 237
187 237
188 241
186 243
186 242
186 241
186 240
189 237
186 234
188 242
180 238
186 244
181 238
182 238
183 238
189 238
188 238
187 238
189 242
180 239
186 245
181 239
182 239
183 239
190 239
189 239
188 239
189 243
187 245
187 244
187 243
187 242
187 241
191 239
187 235
189 244
181 240
187 246
182 240
183 240
184 240
190 240
189 240
188 240
190 244
182 241
188 247
183 241
188 246
184 241
188 245
188 244
188 243
191 241
190 241
189 241
190 245
182 242
188 248
183 242
184 242
191 242
190 242
191 245
189 248
189 247
189 246
189 245
192 242
191 246
183 243
189 249
184 243
185 243
192 243
191 243
190 243
192 247
183 244
189 250
184 244
185 244
192 244
191 244
192 248
190 250
190 249
190 248
190 247
190 246
193 244
193 248
184 245
190 251
185 245
193 245
192 245
193 249
191 251
191 250
191 249
191 248
191 247
194 245
194 249
185 246
191 252
186 246
194 246
193 246
192 246
194 250
186 247
192 253
187 247
192 252
192 251
192 250
192 249
195 247
194 247
193 247
195 251
186 248
192 254
187 248
195 248
194 248
195 252
193 254
193 253
193 252
193 251
193 250
196 248
196 252
187 249
193 255
188 249
196 249
195 249
197 253
194 255
194 254
194 253
194 252
194 251
197 249
197 254
188 250
194 256
197 250
196 250
195 250
198 254
195 256
195 255
195 254
195 253
198 251
197 251
196 251
199 254
190 252
195 257
198 252
197 252
199 255
196 256
196 255
196 254
196 253
200 255
197 256
197 255
198 253
200 256
201 256
198 255
202 256
202 257
203 257
204 257
205 258
206 258
207 258
208 258
209 258
210 258
210 259
211 259
212 259
213 259
214 259
215 259
209 259
210 260
216 259
211 258
211 260
216 260
212 258
212 260
217 260
213 258
213 260
218 260
214 258
214 260
219 260
215 258
215 260
219 261
216 258
217 259
220 261
216 261
221 261
217 261
221 262
218 259
218 261
222 262
219 259
220 260
222 263
219 262
223 263
220 262
224 263
221 260
222 261
224 264
221 263
225 265
223 262
225 266
226 266
226 267
226 268
225 264
227 268
224 265
226 265
227 269
224 266
225 267
228 270
227 266
228 271
224 267
226 269
227 267
228 272
224 268
226 270
225 268
229 272
227 270
228 268
229 273
225 269
227 271
228 269
229 274
229 270
229 275
226 271
228 273
229 271
230 275
226 272
228 274
227 272
230 276
230 272
230 277
227 273
230 273
230 278
227 274
229 276
230 274
231 279
227 275
229 277
228 275
231 280
231 275
231 281
228 276
231 276
231 282
228 277
230 279
231 277
231 283
228 278
230 280
229 278
231 278
232 283
229 279
232 279
232 284
229 280
232 280
232 285
229 281
230 281
232 281
232 286
229 282
231 284
230 282
232 282
232 287
229 283
231 285
230 283
233 288
233 283
233 289
230 284
233 284
233 290
230 285
233 285
233 291
230 286
232 288
231 286
233 286
233 292
230 287
232 289
231 287
233 287
234 293
231 288
234 288
234 294
231 289
234 289
234 295
231 290
232 290
234 290
234 296
231 291
233 293
232 291
234 291
234 297
231 292
233 294
232 292
234 292
235 298
232 293
235 293
235 299
232 294
235 294
235 300
232 295
233 295
235 295
235 301
232 296
234 298
233 296
235 296
235 302
232 297
234 299
233 297
235 297
236 303
233 298
237 298
236 298
236 304
232 299
233 299
237 299
236 299
236 305
232 300
235 303
233 300
234 300
237 300
236 300
236 306
232 301
235 304
233 301
234 301
237 301
236 301
236 307
232 302
235 305
233 302
234 302
238 302
237 302
236 302
237 307
233 303
234 303
239 303
238 303
237 303
237 308
233 304
234 304
239 304
238 304
237 304
237 309
233 305
236 308
234 305
239 305
238 305
237 305
237 310
232 306
236 310
233 306
236 309
234 306
235 306
239 306
238 306
237 306
237 311
232 307
236 311
233 307
234 307
235 307
239 307
238 307
238 311
240 307
238 312
232 308
237 313
233 308
237 312
234 308
235 308
240 308
239 308
238 308
238 313
232 309
237 314
233 309
234 309
235 309
240 309
239 309
238 309
238 314
232 310
237 315
233 310
234 310
235 310
240 310
239 310
238 310
239 315
233 311
234 311
235 311
240 311
239 311
239 316
238 315
241 311
239 317
234 312
238 316
235 312
236 312
241 312
240 312
239 312
240 318
234 313
238 317
235 313
236 313
241 313
240 313
239 313
240 319
234 314
238 318
235 314
236 314
241 314
240 314
239 314
240 320
235 315
239 319
236 315
239 318
242 315
241 315
240 315
241 321
235 316
239 320
236 316
237 316
242 316
241 316
240 316
241 322
235 317
239 321
236 317
237 317
242 317
241 317
240 317
242 323
236 318
240 322
237 318
240 321
243 318
242 318
241 318
242 324
236 319
240 323
237 319
238 319
243 319
242 319
241 319
243 325
236 320
240 324
237 320
238 320
242 320
241 320
243 326
237 321
241 325
238 321
241 324
241 323
243 321
242 321
244 327
237 322
241 326
238 322
239 322
243 322
242 322
244 328
238 323
242 327
239 323
242 326
242 325
244 323
243 323
245 328
238 324
242 328
239 324
244 324
243 324
245 329
239 325
243 329
240 325
243 328
243 327
245 325
244 325
246 329
239 326
243 330
240 326
245 326
244 326
246 330
240 327
244 331
241 327
244 330
244 329
246 327
245 327
247 330
240 328
244 332
241 328
246 328
247 331
245 332
245 331
245 330
247 328
248 331
241 329
245 333
242 329
247 329
248 332
246 333
246 332
246 331
248 329
249 332
242 330
246 334
248 330
249 333
247 334
247 333
247 332
249 330
250 333
251 334
248 333
252 334
253 335
254 335
255 335
256 336
250 334
251 335
251 333
257 336
252 336
252 335
253 334
252 333
258 336
253 337
253 336
259 336
254 337
254 336
254 334
260 336
255 337
255 336
256 335
255 334
261 336
256 338
256 337
262 336
257 338
257 337
257 335
263 336
258 338
258 337
258 335
264 336
259 338
259 337
259 335
265 336
260 338
260 337
260 335
266 336
261 338
261 337
261 335
267 336
262 338
262 337
262 335
268 336
263 338
263 337
263 335
269 336
264 338
264 337
264 335
270 336
265 338
265 337
265 334
265 335
271 336
266 339
266 338
266 337
266 333
266 334
266 335
272 336
267 339
267 338
267 337
267 333
267 334
267 335
273 336
268 339
268 338
268 337
268 333
268 334
268 335
274 335
269 339
269 338
269 337
269 333
269 334
269 335
275 335
270 339
270 338
270 337
270 333
270 334
270 335
276 335
271 339
271 338
271 337
275 336
271 332
274 336
271 333
271 334
271 335
277 335
272 339
272 338
272 337
276 336
272 332
272 333
272 334
272 335
278 335
273 340
273 339
273 338
273 337
277 336
273 332
273 333
273 334
273 335
279 334
274 339
274 338
274 337
274 331
274 332
274 333
274 334
280 334
275 339
275 338
275 337
279 335
275 331
275 332
275 333
275 334
281 334
276 339
276 338
276 337
280 335
276 331
276 332
276 333
276 334
282 334
277 339
277 338
277 337
281 335
277 331
277 332
277 333
277 334
283 334
278 339
278 338
278 337
278 336
282 335
278 331
278 332
278 333
278 334
284 333
279 338
279 337
279 336
279 330
279 331
279 332
279 333
285 333
280 338
280 337
280 336
284 334
280 330
280 331
280 332
280 333
286 333
281 338
281 337
281 336
285 334
281 330
281 331
281 332
281 333
287 333
282 338
282 337
282 336
286 334
282 330
282 331
282 332
282 333
288 332
283 338
283 337
283 336
283 335
287 334
283 330
283 331
283 332
283 333
289 332
284 337
284 336
284 335
288 333
284 329
284 330
284 331
284 332
290 332
285 337
285 336
285 335
289 333
285 329
285 330
285 331
285 332
291 332
286 337
286 336
286 335
290 333
286 329
286 330
286 331
286 332
292 331
287 337
287 336
287 335
291 333
287 329
287 330
287 331
287 332
293 331
288 336
288 335
288 334
292 332
288 328
288 329
288 330
288 331
294 331
289 336
289 335
289 334
293 332
289 328
289 329
289 330
289 331
295 330
290 336
290 335
290 334
294 332
290 328
290 329
290 330
290 331
296 330
291 336
291 335
291 334
295 332
291 328
291 329
291 330
291 331
297 330
292 335
292 334
292 333
296 331
292 327
295 331
292 328
292 329
292 330
298 330
293 335
293 334
293 333
297 331
293 327
293 328
293 329
293 330
298 329
294 335
294 334
294 333
298 331
294 327
294 328
294 329
294 330
299 329
295 334
295 333
299 330
295 326
295 327
295 328
295 329
300 329
296 334
296 333
296 332
300 330
296 326
296 327
296 328
296 329
301 329
297 334
297 333
297 332
301 330
297 326
297 327
297 328
297 329
302 328
298 334
298 333
298 332
302 330
298 326
298 327
298 328
303 328
302 329
298 325
304 328
299 333
299 332
299 331
303 329
299 325
299 326
299 327
299 328
305 328
300 333
300 332
300 331
304 329
300 325
300 326
300 327
300 328
305 327
301 333
301 332
301 331
305 329
301 325
301 326
301 327
301 328
306 327
302 332
302 331
307 328
302 323
306 328
302 324
302 325
302 326
302 327
307 327
303 333
303 332
303 331
303 330
308 328
303 323
303 324
303 325
303 326
303 327
308 327
304 333
304 332
304 331
304 330
310 328
304 322
309 328
304 323
304 324
304 325
304 326
304 327
309 326
305 333
305 332
305 331
305 330
311 328
305 322
305 323
305 324
305 325
305 326
310 326
311 327
305 321
310 327
309 327
311 326
306 332
306 331
306 330
306 329
312 327
306 321
306 322
306 323
306 324
306 325
306 326
312 325
307 332
307 331
307 330
307 329
314 327
307 320
313 327
307 321
307 322
307 323
307 324
307 325
307 326
313 325
308 332
308 331
308 330
308 329
315 327
308 320
308 321
308 322
308 323
308 324
308 325
308 326
314 325
309 331
309 330
309 329
316 326
309 319
315 326
309 320
314 326
309 321
313 326
309 322
312 326
309 323
309 324
309 325
315 325
310 331
310 330
310 329
310 321
310 322
310 323
310 324
310 325
315 324
311 330
311 329
311 321
311 322
311 323
311 324
311 325
316 324
312 329
312 328
317 325
312 320
316 325
312 321
312 322
312 323
312 324
317 324
313 329
313 328
318 325
313 320
313 321
313 322
313 323
313 324
318 324
314 329
314 328
319 325
314 320
314 321
314 322
314 323
314 324
319 324
315 329
315 328
320 325
315 320
315 321
315 322
315 323
319 323
320 324
315 319
320 323
316 328
316 327
321 324
316 319
316 320
316 321
316 322
316 323
321 323
317 328
317 327
317 326
317 320
317 321
317 322
317 323
322 323
318 328
318 327
318 326
322 324
318 320
318 321
318 322
318 323
323 322
319 328
319 327
319 326
323 324
319 320
319 321
319 322
324 322
323 323
319 319
325 322
320 327
320 326
324 323
320 319
320 320
320 321
320 322
326 322
321 326
321 325
325 323
321 319
321 320
321 321
321 322
327 322
322 326
322 325
326 323
322 319
322 320
322 321
322 322
327 321
323 325
323 318
323 319
323 320
323 321
328 321
324 325
324 324
328 322
324 318
324 319
324 320
324 321
329 321
325 325
325 324
329 322
325 318
325 319
325 320
325 321
330 321
326 325
326 324
330 322
326 318
326 319
326 320
326 321
331 321
327 325
327 324
327 323
331 322
327 318
327 319
327 320
332 320
327 317
333 320
328 324
328 323
332 321
328 317
328 318
328 319
328 320
334 320
329 324
329 323
333 321
329 317
329 318
329 319
329 320
335 320
330 324
330 323
334 321
330 317
330 318
330 319
330 320
336 320
331 324
331 323
335 321
331 317
331 318
331 319
331 320
337 320
332 322
332 317
332 318
332 319
338 319
333 318
333 319
339 319
334 319
340 319
341 319
342 319
343 319
344 319
345 319
346 319
347 319
348 319
348 320
349 320
350 320
351 320
352 320
353 320
354 321
355 321
350 321
356 321
351 322
351 321
357 321
354 320
352 322
352 321
358 321
355 320
353 322
353 321
358 322
354 323
354 322
359 322
355 323
355 322
360 322
356 323
356 322
361 322
359 321
357 323
357 322
361 323
360 321
358 323
362 323
358 324
363 323
359 324
359 323
364 323
362 322
360 324
360 323
365 324
363 322
361 324
366 324
361 325
367 324
362 325
362 324
367 325
365 323
363 325
363 324
368 325
366 323
364 325
364 324
369 325
365 326
365 325
370 326
368 324
366 326
366 325
371 326
369 324
367 326
372 326
367 327
372 327
370 325
368 327
368 326
373 327
371 325
369 327
369 326
373 328
370 328
370 327
374 328
373 326
371 328
371 327
375 328
375 326
372 329
374 326
372 328
375 329
375 327
372 330
374 327
376 329
377 327
373 331
376 327
373 330
373 329
377 330
377 328
373 332
376 328
378 330
378 328
374 332
374 331
374 330
374 329
378 331
379 328
375 332
375 331
375 330
379 331
379 329
375 333
378 329
377 329
379 332
380 329
376 333
376 332
376 331
376 330
380 332
381 330
377 334
380 330
377 333
379 330
377 332
377 331
380 333
382 330
378 334
378 333
378 332
381 333
382 331
378 335
381 331
380 331
381 334
383 331
379 335
379 334
379 333
381 335
383 332
379 336
382 332
381 332
382 335
384 332
380 336
380 335
380 334
382 336
384 333
380 337
383 333
382 333
382 337
385 333
381 337
381 336
383 337
385 334
381 338
384 334
383 334
382 334
383 338
385 335
381 339
384 335
383 335
383 339
382 338
383 340
384 336
383 336
383 341
382 341
384 337
382 342
384 338
382 343
384 339
382 339
382 344
384 340
381 340
382 340
381 345
384 341
383 342
381 341
381 346
380 341
381 347
380 342
381 342
380 347
383 343
380 343
381 343
380 348
383 344
382 345
380 344
381 344
380 349
379 345
380 345
379 349
382 346
379 346
380 346
379 350
382 347
381 348
379 347
379 351
378 347
378 351
378 348
379 348
378 352
381 349
380 350
378 349
378 353
377 349
377 353
377 350
378 350
377 354
380 351
379 352
377 351
376 355
376 351
376 356
376 352
377 352
375 356
379 353
378 354
376 353
375 357
375 353
374 358
377 355
375 354
376 354
374 359
374 355
375 355
373 359
377 356
376 357
374 356
373 360
373 356
372 360
375 358
373 357
374 357
372 361
372 358
373 358
372 362
375 359
374 360
372 359
371 362
371 359
371 363
373 361
371 360
370 364
370 360
369 365
370 361
371 361
369 366
373 362
372 363
370 362
368 366
369 362
368 367
371 364
369 363
370 363
367 368
370 365
368 364
369 364
366 369
367 365
368 365
366 370
370 366
369 367
367 366
365 370
366 366
365 371
368 368
366 367
367 367
364 372
367 369
365 368
366 368
363 372
364 369
365 369
363 373
367 370
366 371
364 370
362 374
363 370
362 375
365 372
363 371
364 371
361 375
366 372
364 374
364 373
362 372
361 376
361 372
360 376
363 374
361 373
362 373
360 377
360 374
361 374
359 378
363 375
362 376
360 375
358 379
359 375
358 380
361 377
359 376
357 380
358 376
357 381
360 378
358 377
359 377
356 381
359 379
357 378
358 378
356 382
356 379
357 379
355 383
359 380
358 381
356 380
354 384
355 380
354 385
357 382
355 381
353 385
354 381
353 386
356 383
354 382
355 382
352 386
355 384
353 383
354 383
352 387
352 384
353 384
351 388
355 385
354 386
352 385
350 389
351 385
349 390
353 387
351 386
349 391
350 386
348 391
352 388
350 387
351 387
348 392
351 389
349 388
350 388
347 392
350 390
348 389
349 389
347 393
347 390
348 390
346 394
350 391
349 392
347 391
345 395
346 391
345 396
348 393
346 392
344 396
345 392
344 397
347 394
345 393
346 393
343 397
346 395
344 394
345 394
343 398
343 395
344 395
342 399
346 396
345 397
343 396
342 396
344 398
342 397
341 397
343 399
341 398
342 398
340 399
341 399
