t.p
229 0
215 13
232 50
224 61
223 64
254 99
258 110
277 123
278 124
258 180
257 198
264 204
277 232
304 249
309 251
317 251
323 259
327 277
321 297
293 340
302 351
395 330
397 322
396 321
361 286
367 261
385 247
362 232
365 196
392 163
349 139
350 79
336 67
329 58
327 14
end
229 0
228 0
228 1
227 1
227 2
229 2
229 1
226 2
225 0
226 0
227 0
233 0
229 4
232 0
229 3
231 0
230 0
225 2
228 3
228 2
225 3
226 1
230 1
224 3
224 4
223 4
222 4
222 5
221 5
221 6
220 6
219 6
219 7
218 7
218 8
217 8
217 9
216 9
216 10
215 10
215 11
215 12
215 13
214 13
214 14
214 15
215 15
215 16
215 17
215 18
216 19
216 20
216 21
217 21
217 22
217 23
218 23
218 24
219 24
219 25
219 26
220 26
220 27
221 28
221 29
222 29
222 30
222 31
223 31
223 32
224 32
224 33
224 34
225 34
225 35
226 36
226 37
227 37
227 38
227 39
228 39
228 40
229 41
229 42
230 42
230 43
230 44
231 45
231 46
231 47
231 48
232 48
232 49
232 50
231 50
231 51
231 52
230 52
230 53
233 50
232 51
230 54
229 54
229 55
233 52
231 54
232 52
231 53
228 55
229 52
230 51
228 56
229 53
232 53
230 55
227 56
232 54
230 56
227 57
228 54
229 56
226 57
232 55
229 58
231 55
229 57
226 58
226 55
228 53
227 55
228 58
228 57
225 58
225 56
226 56
231 56
228 59
225 59
224 56
227 53
227 54
227 59
227 58
224 59
224 57
225 57
230 57
227 60
224 60
222 57
226 53
223 57
226 54
226 60
226 59
224 61
222 58
223 58
224 58
226 61
223 61
221 58
225 54
225 55
225 61
225 60
223 62
221 59
222 59
223 59
225 62
222 62
220 59
224 55
224 62
222 63
220 60
221 60
222 60
223 60
224 63
223 64
219 61
224 66
220 61
224 65
221 61
224 64
222 61
228 61
227 61
223 65
223 63
223 66
220 62
221 62
222 64
224 67
221 63
225 67
225 68
222 65
226 68
222 66
226 69
227 70
223 67
228 71
229 72
229 73
230 73
230 74
231 74
231 75
232 75
232 76
233 76
233 77
234 77
234 78
235 78
235 79
236 79
236 80
237 80
237 81
238 81
238 82
239 82
239 83
240 83
240 84
241 84
241 85
242 85
242 86
243 86
243 87
244 87
244 88
245 88
245 89
246 89
246 90
247 90
247 91
248 91
248 92
249 92
249 93
250 93
250 94
251 95
251 96
252 96
252 97
253 97
253 98
254 98
254 99
254 100
254 101
255 101
255 102
255 103
255 104
256 104
256 105
256 106
256 107
256 108
257 108
257 109
258 110
258 111
259 111
259 112
260 112
261 112
261 113
262 113
260 111
259 110
262 114
258 112
259 113
263 114
260 113
263 115
262 112
261 111
264 115
261 115
261 114
265 115
262 115
263 113
265 116
260 114
262 116
266 116
263 117
263 116
264 114
267 116
260 115
263 118
267 117
264 118
264 117
264 116
266 115
264 113
268 117
265 118
265 117
267 115
265 113
265 114
268 118
261 116
265 120
265 119
269 118
266 121
266 120
266 119
266 118
266 117
268 116
266 114
270 118
267 121
267 120
267 119
267 118
269 116
267 114
270 119
262 117
267 122
269 117
271 119
268 122
268 121
268 120
268 119
270 117
268 115
272 119
268 123
272 120
269 124
269 123
269 122
269 121
269 120
269 119
271 118
273 120
270 124
270 123
270 122
270 121
270 120
272 118
270 116
273 121
264 119
270 125
274 121
271 126
271 125
271 124
271 123
271 122
271 121
271 120
273 119
271 117
275 121
272 126
272 125
272 124
272 123
272 122
272 121
274 119
272 117
275 122
272 127
274 120
276 122
273 127
273 126
273 125
273 124
273 123
273 122
275 120
273 118
277 123
273 128
278 124
274 128
274 127
274 126
274 125
274 124
274 123
274 122
276 121
278 125
275 128
275 127
275 126
275 125
275 124
275 123
277 121
275 119
277 125
275 129
277 122
277 126
276 129
276 128
276 127
276 126
276 125
276 124
276 123
278 122
276 120
277 127
277 116
277 117
277 118
277 119
277 120
279 123
278 123
277 124
277 128
280 124
278 126
279 124
277 129
280 125
278 127
279 125
276 130
279 126
276 131
279 127
276 132
278 128
275 132
275 133
275 134
274 135
274 136
274 137
273 137
273 138
273 139
273 140
272 140
272 141
272 142
271 142
271 143
271 144
271 145
270 145
270 146
270 147
269 147
269 148
269 149
268 150
268 151
268 152
267 152
267 153
267 154
266 154
266 155
266 156
266 157
265 157
265 158
265 159
264 159
264 160
264 161
264 162
263 162
263 163
263 164
262 165
262 166
262 167
261 167
261 168
261 169
260 170
260 171
260 172
259 173
259 174
259 175
259 176
258 176
258 177
258 178
258 179
258 180
257 180
257 181
257 182
257 183
257 184
259 180
257 185
256 185
256 181
256 186
256 182
256 187
256 183
256 188
256 184
256 189
257 186
256 190
256 191
256 192
256 193
256 194
256 195
256 196
256 197
257 198
257 199
258 199
258 200
259 200
260 200
258 198
260 201
257 200
261 201
259 199
261 202
258 201
262 202
259 201
263 202
261 200
263 203
260 202
264 204
263 201
261 203
262 201
264 205
261 204
265 205
264 202
262 204
262 203
265 206
265 202
263 204
265 207
265 203
263 205
264 203
266 207
266 204
265 204
266 208
264 206
266 205
266 209
267 205
267 209
266 206
267 210
267 211
267 212
268 212
268 213
268 214
268 215
269 215
269 216
269 217
269 218
270 218
270 219
270 220
271 221
271 222
271 223
272 223
272 224
272 225
273 225
273 226
273 227
274 227
274 228
274 229
275 229
275 230
276 230
276 231
277 232
277 233
278 233
278 234
279 234
280 235
281 235
281 236
282 236
282 237
283 237
284 238
285 238
285 239
286 239
287 239
287 240
288 240
288 241
289 241
290 241
290 242
291 242
292 242
292 243
293 243
294 243
294 244
295 244
295 245
296 245
297 245
297 246
298 246
299 246
299 247
300 247
301 247
302 248
303 248
304 249
305 249
306 250
307 250
308 250
309 251
304 248
310 251
311 251
311 250
312 250
313 250
314 250
315 250
316 250
317 251
318 251
318 252
319 252
319 253
320 253
316 251
317 250
320 254
320 255
321 255
321 256
322 256
322 257
322 258
323 259
323 260
323 261
324 261
324 262
324 263
324 264
325 264
325 265
325 266
325 267
326 267
326 268
326 269
326 270
326 271
326 272
326 273
326 274
326 275
327 275
327 276
327 277
326 277
326 278
326 279
326 280
326 281
326 282
326 283
325 283
327 279
325 284
328 280
327 280
325 285
328 281
327 281
325 286
328 282
326 284
327 282
325 287
328 283
326 285
327 283
324 287
324 288
327 284
324 284
324 289
327 285
324 285
323 290
327 286
325 288
326 286
324 286
323 291
328 287
325 290
327 287
325 289
326 287
323 292
324 290
323 287
322 292
327 288
324 291
326 288
322 288
323 288
322 293
328 289
324 293
327 289
324 292
326 289
322 289
323 289
322 294
327 290
323 294
326 290
323 293
321 290
322 290
321 294
327 291
323 295
326 291
325 291
321 291
322 291
321 295
327 292
323 296
326 292
325 292
320 292
321 292
321 296
322 296
322 295
319 292
321 297
326 293
322 297
325 293
319 293
320 293
321 293
320 297
326 294
322 298
325 294
324 294
318 294
319 294
320 294
320 298
321 298
317 294
319 299
325 295
321 299
324 295
317 295
318 295
319 295
320 295
319 300
325 296
321 300
324 296
318 296
319 296
320 296
318 300
317 297
321 301
318 297
319 297
324 297
323 297
318 301
316 297
320 301
320 300
320 299
318 302
316 298
320 302
317 298
318 298
319 298
323 298
317 302
315 299
319 303
316 299
319 302
317 299
319 301
318 299
322 299
317 303
316 300
317 300
316 303
316 304
317 301
315 305
315 306
314 306
314 307
313 307
313 308
312 309
312 310
311 310
311 311
310 311
310 312
309 312
309 313
308 314
308 315
307 315
307 316
306 316
306 317
305 318
304 319
304 320
303 320
303 321
302 321
302 322
301 323
301 324
300 324
300 325
299 325
299 326
298 326
298 327
298 328
297 328
297 329
296 330
296 331
295 331
295 332
295 333
294 333
294 334
294 335
293 335
293 336
293 337
293 338
293 339
292 339
293 340
293 341
293 342
293 343
293 344
294 344
294 345
295 345
295 346
295 347
296 347
296 348
297 348
298 348
298 349
299 349
299 350
300 350
301 350
302 351
303 351
304 351
305 351
306 351
307 351
308 351
303 352
303 350
309 351
304 353
304 352
304 349
304 350
310 351
305 353
305 352
305 349
305 350
311 351
306 354
306 353
306 352
306 349
306 350
312 351
307 354
307 353
307 352
307 348
307 349
307 350
313 351
308 355
308 354
308 353
308 352
308 348
308 349
308 350
314 351
309 355
309 354
309 353
309 352
309 348
309 349
309 350
315 351
310 355
310 354
310 353
310 352
310 347
310 348
310 349
310 350
316 351
311 354
311 353
311 352
311 347
311 348
311 349
311 350
317 351
312 354
312 353
312 352
312 347
312 348
312 349
312 350
318 351
313 354
313 353
313 352
313 347
313 348
313 349
313 350
319 351
314 354
314 353
314 352
314 347
314 348
314 349
314 350
320 351
315 354
315 353
315 352
315 347
315 348
315 349
315 350
321 351
316 354
316 353
316 352
316 346
316 347
316 348
316 349
316 350
321 350
317 354
317 353
317 352
317 346
317 347
317 348
317 349
317 350
322 350
318 354
318 353
318 352
318 345
318 346
318 347
318 348
318 349
318 350
323 350
322 351
319 354
319 353
319 352
319 344
319 345
319 346
319 347
319 348
319 349
319 350
324 350
323 351
320 354
320 353
320 352
320 344
320 345
320 346
320 347
320 348
320 349
320 350
325 350
324 351
321 354
321 353
321 352
321 344
321 345
321 346
321 347
321 348
321 349
326 350
321 343
327 350
322 352
322 343
322 344
322 345
322 346
322 347
322 348
322 349
328 350
323 352
323 343
323 344
323 345
323 346
323 347
323 348
323 349
328 349
324 352
324 343
324 344
324 345
324 346
324 347
324 348
324 349
329 349
325 353
325 352
325 351
325 343
325 344
325 345
325 346
325 347
325 348
325 349
330 349
329 350
326 353
326 352
326 351
326 343
326 344
326 345
326 346
326 347
326 348
326 349
331 349
327 352
327 351
327 343
327 344
327 345
327 346
327 347
327 348
327 349
332 349
330 350
328 352
328 351
328 343
328 344
328 345
328 346
328 347
328 348
333 349
328 342
334 349
329 352
329 351
329 342
329 343
329 344
329 345
329 346
329 347
329 348
334 348
330 352
330 351
330 342
330 343
330 344
330 345
330 346
330 347
330 348
335 348
331 351
331 350
331 342
331 343
331 344
331 345
331 346
331 347
331 348
336 348
332 351
332 350
332 342
332 343
332 344
332 345
332 346
332 347
332 348
337 348
335 349
333 351
333 350
333 342
333 343
333 344
333 345
333 346
333 347
333 348
338 348
336 349
334 351
334 350
334 342
334 343
334 344
334 345
334 346
334 347
339 348
334 341
340 347
335 350
335 341
335 342
335 343
335 344
335 345
335 346
335 347
341 347
336 350
336 341
336 342
336 343
336 344
336 345
336 346
336 347
342 347
337 350
337 349
337 341
337 342
337 343
337 344
337 345
337 346
337 347
343 347
340 348
338 350
338 349
338 341
338 342
338 343
338 344
338 345
338 346
338 347
344 347
341 348
339 350
339 349
339 341
339 342
339 343
339 344
339 345
339 346
339 347
345 346
340 349
340 340
340 341
340 342
340 343
340 344
340 345
340 346
346 346
341 349
341 340
341 341
341 342
341 343
341 344
341 345
341 346
347 346
342 349
342 348
342 340
342 341
342 342
342 343
342 344
342 345
342 346
348 346
345 347
343 349
343 348
343 340
343 341
343 342
343 343
343 344
343 345
343 346
349 345
346 347
344 349
344 348
344 340
344 341
344 342
344 343
344 344
344 345
344 346
350 345
345 348
345 341
345 342
345 343
345 344
345 345
351 345
346 348
346 341
346 342
346 343
346 344
346 345
352 345
349 346
347 348
347 347
347 341
347 342
347 343
347 344
347 345
353 345
350 346
348 348
348 347
348 341
348 342
348 343
348 344
348 345
353 344
349 347
349 340
349 341
349 342
349 343
349 344
354 344
350 347
350 340
350 341
350 342
350 343
350 344
355 344
351 347
351 346
351 340
351 341
351 342
351 343
351 344
356 344
354 345
352 347
352 346
352 340
352 341
352 342
352 343
352 344
357 343
355 345
353 347
353 346
353 340
353 341
353 342
353 343
358 343
353 339
359 343
354 346
354 339
354 340
354 341
354 342
354 343
360 343
357 344
355 346
355 340
355 341
355 342
355 343
361 342
358 344
356 346
356 345
356 339
356 340
356 341
356 342
356 343
362 342
357 345
357 339
357 340
357 341
357 342
363 342
358 345
358 339
358 340
358 341
358 342
364 342
361 343
359 345
359 344
359 339
359 340
359 341
359 342
364 341
362 343
360 345
360 344
360 339
360 340
360 341
360 342
365 341
361 344
361 337
361 338
361 339
361 340
361 341
366 341
362 344
362 338
362 339
362 340
362 341
367 341
365 342
363 344
363 343
363 338
363 339
363 340
363 341
368 340
366 342
364 344
364 343
364 337
364 338
364 339
364 340
369 340
370 340
365 343
365 337
365 338
365 339
365 340
371 340
368 341
366 343
366 337
366 338
366 339
366 340
371 339
369 341
367 343
367 342
367 337
367 338
367 339
367 340
372 339
368 342
368 336
368 337
368 338
368 339
373 339
369 342
369 336
369 337
369 338
369 339
374 339
372 340
370 342
370 341
370 336
370 337
370 338
370 339
374 338
373 340
371 342
371 341
371 336
371 337
371 338
375 338
371 334
371 335
376 338
372 341
372 335
372 336
372 337
372 338
377 338
375 339
373 341
373 335
373 336
373 337
373 338
377 337
376 339
374 341
374 340
374 335
374 336
374 337
378 337
374 334
379 337
375 340
375 334
375 335
375 336
375 337
380 337
378 338
376 340
376 334
376 335
376 336
376 337
380 336
379 338
377 340
377 339
377 334
377 335
377 336
381 336
377 333
382 336
378 339
378 333
378 334
378 335
378 336
383 335
381 337
379 339
379 333
379 334
379 335
379 336
384 335
382 337
380 339
380 338
380 333
380 334
380 335
385 335
380 332
386 334
383 336
381 338
381 332
381 333
381 334
381 335
387 334
384 336
382 338
382 332
382 333
382 334
382 335
388 334
383 337
383 331
383 332
383 333
383 334
388 333
386 335
384 337
384 331
384 332
384 333
384 334
389 333
387 335
385 337
385 336
385 331
385 332
385 333
385 334
390 333
386 336
386 330
386 331
386 332
386 333
390 332
389 334
387 336
387 330
387 331
387 332
387 333
391 332
390 334
388 336
388 335
388 330
388 331
388 332
392 332
388 329
392 331
391 333
389 335
389 329
389 330
389 331
389 332
393 331
392 333
390 335
390 329
390 330
390 331
393 330
390 328
394 330
393 332
391 334
391 328
391 329
391 330
391 331
395 330
394 332
392 334
392 328
392 329
392 330
395 329
394 331
392 327
395 328
395 331
393 333
393 327
393 328
393 329
396 328
393 326
396 327
396 330
394 326
394 327
394 328
394 329
396 326
397 330
395 334
395 333
395 332
397 326
397 329
395 327
396 329
397 325
397 328
395 326
397 324
398 328
396 332
396 331
397 323
398 327
396 325
397 327
397 322
398 326
396 324
392 326
396 321
399 326
395 320
399 325
398 325
393 325
394 325
395 325
394 320
399 324
398 324
393 324
394 324
395 324
394 319
398 323
394 323
395 323
396 323
393 319
399 322
397 320
398 322
397 321
393 322
394 322
395 322
396 322
393 318
393 321
396 318
394 321
396 319
395 321
396 320
392 318
392 320
395 317
393 320
395 318
395 319
392 317
391 320
394 317
394 318
391 317
391 319
394 316
392 319
391 316
390 319
393 316
393 317
390 316
390 318
393 315
391 318
389 315
389 318
392 315
392 316
388 315
389 317
392 314
390 317
388 314
388 317
391 314
391 315
387 314
388 316
391 313
389 316
387 313
387 316
390 313
390 314
390 315
386 313
386 315
389 312
387 315
389 313
389 314
386 312
385 315
388 312
388 313
385 312
385 314
388 311
386 314
384 312
384 314
387 311
387 312
384 311
384 313
387 310
385 313
383 311
383 313
386 310
386 311
383 310
383 312
386 309
382 310
382 312
385 309
385 310
385 311
382 309
381 312
384 309
384 310
381 309
381 311
384 308
382 311
381 308
380 311
383 308
383 309
380 308
380 310
383 307
381 310
380 307
379 310
382 307
382 308
379 307
379 309
382 306
380 309
378 306
378 309
381 306
381 307
377 306
378 308
381 305
379 308
377 305
377 308
380 305
380 306
376 305
377 307
380 304
378 307
376 304
376 307
379 304
379 305
379 306
375 304
375 306
378 303
376 306
378 304
378 305
375 303
373 306
377 302
374 306
377 303
377 304
374 303
372 305
377 300
373 305
377 301
374 305
375 305
374 302
371 305
376 300
376 301
376 302
376 303
373 302
370 304
376 298
371 304
376 299
372 304
373 304
374 304
373 301
369 304
375 298
375 299
375 300
375 301
375 302
372 301
369 303
375 297
370 303
371 303
372 303
373 303
372 300
368 303
374 297
374 298
374 299
374 300
374 301
371 300
368 302
374 296
369 302
370 302
371 302
372 302
371 299
367 302
373 296
373 297
373 298
373 299
373 300
370 299
367 301
373 295
368 301
369 301
370 301
371 301
370 298
366 301
372 295
372 296
372 297
372 298
372 299
369 298
366 300
372 294
367 300
368 300
369 300
370 300
369 297
365 300
371 294
371 295
371 296
371 297
371 298
368 297
365 299
371 293
366 299
367 299
368 299
369 299
368 296
364 299
370 293
370 294
370 295
370 296
370 297
367 296
364 298
370 292
365 298
366 298
367 298
368 298
367 295
363 298
369 292
369 293
369 294
369 295
369 296
366 295
363 297
369 291
364 297
365 297
366 297
367 297
366 294
362 297
368 291
368 292
368 293
368 294
368 295
365 294
362 296
368 290
363 296
364 296
365 296
366 296
365 293
361 296
367 290
367 291
367 292
367 293
367 294
364 292
361 295
367 289
362 295
363 295
364 295
365 295
364 291
360 295
366 289
366 290
366 291
366 292
366 293
363 291
360 294
366 288
361 294
362 294
363 294
364 294
363 290
359 294
365 288
365 289
365 290
365 291
365 292
362 290
359 293
365 287
360 293
361 293
362 293
363 293
364 293
362 289
358 292
364 286
359 292
364 287
360 292
364 288
361 292
364 289
362 292
364 290
363 292
362 288
358 291
364 285
359 291
360 291
361 291
362 291
361 288
357 291
363 285
363 286
363 287
363 288
363 289
361 287
358 290
359 290
360 290
361 290
361 286
362 286
362 287
360 285
359 289
360 289
361 289
360 284
360 288
360 283
359 288
360 282
360 287
360 281
359 286
361 284
360 286
361 285
360 280
358 285
359 285
360 279
358 284
359 284
360 278
358 283
359 283
360 277
358 282
359 282
360 276
358 281
359 281
360 275
358 280
359 280
360 274
361 279
357 279
358 279
359 279
361 274
361 278
357 278
358 278
359 278
361 273
361 277
357 277
358 277
359 277
361 272
361 276
357 276
360 273
358 276
359 276
361 271
361 275
357 275
360 272
358 275
359 275
362 271
357 274
360 271
358 274
359 274
362 270
362 274
362 269
362 273
358 273
361 270
359 273
362 268
362 272
358 272
361 269
359 272
363 268
358 271
361 268
359 271
363 267
363 271
363 266
363 270
359 270
362 267
360 270
364 266
363 269
360 269
364 265
360 268
362 266
364 264
364 268
365 264
364 267
361 267
363 265
365 263
361 266
363 264
365 262
365 266
366 262
365 265
362 265
364 263
366 261
362 264
364 262
367 261
366 264
367 260
366 263
363 263
365 261
367 259
363 262
365 260
368 259
367 262
366 260
368 258
369 258
368 261
369 257
368 260
370 257
367 258
366 259
371 257
369 259
371 256
368 257
372 256
371 258
369 256
370 258
369 260
372 255
369 255
366 257
367 257
373 255
372 257
370 255
370 256
370 259
374 255
374 257
371 254
373 257
371 255
371 259
374 254
374 256
371 253
373 256
375 254
375 256
372 253
372 254
372 258
376 254
375 255
372 252
376 253
377 255
373 251
376 255
373 252
373 253
373 254
377 253
379 255
374 250
378 255
374 251
374 252
374 253
378 253
379 254
374 249
378 254
377 254
378 252
380 254
375 249
375 250
375 251
375 252
375 253
379 252
381 254
376 249
376 250
376 251
376 252
376 256
380 252
381 253
376 248
380 253
379 253
380 251
382 253
377 248
377 249
377 250
377 251
377 252
381 251
378 249
378 250
378 251
381 250
382 252
378 248
381 252
382 250
384 252
379 247
383 252
379 248
379 249
379 250
379 251
383 250
385 252
380 247
380 248
380 249
380 250
383 249
385 251
380 246
384 251
383 251
382 251
384 249
386 251
381 246
381 247
381 248
381 249
384 248
386 250
381 245
385 250
384 250
384 247
387 250
382 245
382 246
382 247
382 248
382 249
385 247
388 250
383 245
383 246
383 247
383 248
384 246
388 249
383 244
387 249
386 249
385 249
384 245
389 249
384 244
389 248
384 243
388 248
387 248
386 248
385 248
389 247
384 242
388 247
387 247
386 247
382 244
391 247
385 253
390 247
385 245
385 246
382 243
391 246
384 253
390 246
389 246
388 246
387 246
386 246
381 243
391 245
390 245
389 245
388 245
387 245
386 245
380 243
383 243
380 242
389 244
388 244
387 244
386 244
385 244
381 244
383 242
379 242
380 244
382 242
378 242
389 243
388 243
387 243
386 243
385 243
382 241
378 241
379 243
381 241
381 242
377 241
380 245
377 243
380 240
378 243
380 241
376 241
387 242
386 242
385 242
377 242
380 239
376 240
379 246
379 245
379 244
376 242
379 239
379 240
379 241
375 240
378 247
378 246
378 245
378 244
378 240
374 240
385 241
384 241
383 241
378 239
373 240
377 247
377 246
377 245
377 244
375 241
377 239
377 240
373 239
376 247
376 246
376 245
376 244
376 243
374 241
376 239
372 239
383 240
382 240
381 240
376 238
371 239
375 247
375 246
375 245
375 244
375 243
375 242
372 240
375 237
375 238
375 239
371 238
374 247
374 246
374 245
374 244
374 243
374 242
371 240
374 237
374 238
374 239
370 238
373 247
373 246
373 245
373 244
373 243
373 242
373 241
370 240
373 237
373 238
369 238
370 239
373 236
369 237
372 246
372 245
372 244
372 243
372 242
372 241
369 239
372 236
372 237
372 238
368 237
371 246
371 245
371 244
371 243
371 242
371 241
368 239
371 236
371 237
367 237
378 238
377 238
368 238
371 235
367 236
370 245
370 244
370 243
370 242
370 241
367 238
370 235
370 236
370 237
366 236
369 245
369 244
369 243
369 242
369 241
369 240
366 238
369 235
369 236
365 236
376 237
366 237
369 234
365 235
368 244
368 243
368 242
368 241
368 240
365 237
368 234
368 235
368 236
364 235
367 244
367 243
367 242
367 241
367 240
367 239
364 237
367 234
367 235
364 234
374 236
364 236
367 233
363 234
366 243
366 242
366 241
366 240
366 239
363 236
366 233
366 234
366 235
363 233
365 243
365 242
365 241
365 240
365 239
365 238
362 236
365 233
365 234
362 233
372 235
362 235
365 232
363 235
362 232
364 242
364 241
364 240
364 239
364 238
361 235
364 232
364 233
361 231
371 234
370 234
361 234
364 231
362 234
361 230
363 241
363 240
363 239
363 238
363 237
360 234
363 231
363 232
361 229
370 233
369 233
368 233
360 233
363 230
361 233
360 229
362 240
362 239
362 238
362 237
359 233
362 230
362 231
360 228
359 232
362 229
360 232
361 232
360 227
358 231
361 228
359 231
360 231
360 226
364 230
358 230
361 227
359 230
360 230
360 225
364 229
363 229
358 229
361 226
359 229
360 224
356 229
357 229
359 223
363 228
362 228
355 228
360 223
356 228
357 228
358 228
359 228
359 222
364 227
363 227
362 227
356 227
357 227
358 227
359 227
359 221
364 226
363 226
362 226
356 226
360 222
357 226
358 226
359 226
359 220
364 225
363 225
362 225
361 225
356 225
360 221
357 225
358 225
359 225
359 219
363 224
362 224
361 224
356 224
360 220
357 224
358 224
359 224
359 218
362 223
361 223
354 223
355 223
356 223
357 223
358 223
359 217
362 222
361 222
354 222
355 222
356 222
357 222
358 222
360 217
362 221
361 221
354 221
359 216
355 221
356 221
357 221
358 221
360 216
362 220
361 220
354 220
359 215
355 220
356 220
357 220
358 220
360 215
362 219
361 219
360 219
354 219
359 214
355 219
356 219
357 219
358 219
360 214
362 218
361 218
360 218
354 218
359 213
355 218
356 218
357 218
358 218
360 213
362 217
361 217
354 217
359 212
355 217
356 217
357 217
358 217
360 212
363 217
360 211
363 216
362 216
361 216
354 216
360 210
355 216
356 216
357 216
358 216
363 215
362 215
361 215
355 215
356 215
357 215
358 215
360 209
363 214
362 214
361 214
355 214
356 214
357 214
358 214
361 209
363 213
362 213
361 213
355 213
360 208
356 213
357 213
358 213
361 208
363 212
362 212
361 212
355 212
360 207
356 212
357 212
358 212
361 207
363 211
362 211
361 211
355 211
360 206
356 211
357 211
358 211
359 211
361 206
363 210
362 210
361 210
355 210
360 205
356 210
357 210
358 210
359 210
361 205
362 209
355 209
360 204
356 209
357 209
358 209
359 209
362 205
364 209
363 209
361 204
362 204
364 208
363 208
362 208
356 208
361 203
357 208
358 208
359 208
362 203
364 207
363 207
362 207
356 207
361 202
357 207
358 207
359 207
362 202
364 206
363 206
362 206
356 206
361 201
357 206
358 206
359 206
362 201
363 205
356 205
361 200
357 205
358 205
359 205
363 201
365 205
364 205
362 200
363 200
365 204
364 204
363 204
357 204
362 199
358 204
359 204
363 199
364 203
363 203
356 203
362 197
357 203
362 198
358 203
359 203
360 203
363 198
364 202
363 202
356 202
362 196
357 202
358 202
359 202
360 202
364 198
365 201
364 201
355 201
362 194
356 201
362 195
357 201
358 201
359 201
360 201
364 197
363 194
363 195
363 196
363 197
364 196
365 200
364 200
356 200
363 193
357 200
358 200
359 200
360 200
365 196
365 199
364 199
356 199
363 192
357 199
358 199
359 199
360 199
361 199
365 195
366 198
365 198
356 198
363 191
357 198
358 198
359 198
360 198
361 198
365 194
364 191
364 192
364 193
364 194
364 195
366 193
366 197
365 197
357 197
364 190
358 197
359 197
360 197
361 197
366 192
366 196
357 196
364 189
358 196
359 196
360 196
361 196
367 192
367 196
365 203
365 202
367 191
367 195
365 193
366 195
358 195
359 195
360 195
361 195
368 190
366 194
360 194
361 194
368 189
362 193
369 189
365 192
369 188
367 194
367 193
370 188
366 191
370 187
371 187
371 186
372 186
372 185
373 185
373 184
374 184
374 183
375 183
375 182
376 182
377 181
378 181
378 180
379 180
379 179
380 179
380 178
381 178
381 177
382 177
382 176
383 176
383 175
384 175
384 174
385 174
385 173
386 173
386 172
387 172
387 171
388 171
388 170
389 170
389 169
390 169
390 168
390 167
391 167
391 166
391 165
391 164
392 164
392 163
391 162
391 161
391 160
390 160
390 159
393 163
391 163
392 162
389 159
390 162
389 158
392 161
390 161
388 158
387 158
387 157
386 157
385 157
385 156
384 156
383 156
383 155
382 155
381 155
381 154
380 154
379 154
378 154
378 153
377 153
376 153
375 153
375 152
374 152
373 152
372 152
372 151
371 151
370 151
369 151
369 150
368 150
367 150
366 150
366 149
365 149
364 149
363 149
363 148
362 148
361 148
361 147
360 147
359 147
359 146
358 146
357 146
357 145
356 145
355 145
355 144
354 144
353 144
353 143
352 143
352 142
351 142
351 141
350 141
350 140
349 140
349 139
348 138
348 137
348 136
347 136
347 135
350 139
349 138
348 139
347 134
350 138
347 138
347 133
351 137
348 134
350 137
348 135
349 137
347 137
346 133
351 136
348 133
350 136
349 136
346 132
346 136
346 131
350 135
347 132
349 135
346 135
346 130
350 134
347 131
349 134
346 134
346 129
351 133
347 129
350 133
347 130
349 133
346 128
345 133
346 127
350 132
349 132
348 132
344 132
345 132
346 126
350 131
349 131
348 131
344 131
345 131
346 125
350 130
349 130
348 130
344 130
345 130
346 124
350 129
349 129
348 129
343 129
344 129
345 129
346 123
350 128
349 128
348 128
347 128
344 128
345 128
346 122
350 127
349 127
348 127
347 127
344 127
345 127
346 121
350 126
349 126
348 126
347 126
344 126
345 126
346 120
351 125
350 125
349 125
348 125
347 125
344 125
345 125
346 119
351 124
350 124
349 124
348 124
347 124
343 124
344 124
345 124
346 118
351 123
350 123
349 123
348 123
347 123
343 123
344 123
345 123
347 117
351 122
346 117
350 122
349 122
348 122
347 122
342 122
343 122
344 122
345 122
347 116
352 121
346 115
351 121
346 116
350 121
349 121
348 121
347 121
342 121
343 121
344 121
345 121
347 115
351 120
350 120
349 120
348 120
347 120
342 120
343 120
344 120
345 120
347 114
351 119
346 114
350 119
349 119
348 119
347 119
342 119
343 119
344 119
345 119
347 113
351 118
346 113
350 118
349 118
348 118
347 118
344 118
345 118
347 112
352 117
351 117
350 117
349 117
348 117
345 117
347 111
352 116
351 116
350 116
349 116
348 116
345 116
347 110
352 115
351 115
350 115
349 115
348 115
345 115
348 110
352 114
347 109
351 114
350 114
349 114
348 114
345 114
348 109
352 113
347 108
351 113
350 113
349 113
348 113
345 113
348 108
352 112
347 107
351 112
350 112
349 112
348 112
344 112
345 112
346 112
348 107
352 111
347 106
351 111
350 111
349 111
348 111
344 111
345 111
346 111
348 106
353 110
347 104
352 110
347 105
351 110
350 110
349 110
345 110
346 110
348 105
354 110
348 104
354 109
348 103
353 109
352 109
351 109
350 109
349 109
346 109
349 104
354 108
348 102
353 108
352 108
351 108
350 108
349 108
346 108
349 103
354 107
348 101
353 107
352 107
351 107
350 107
349 107
346 107
349 102
354 106
348 100
353 106
352 106
351 106
350 106
349 106
346 106
349 101
354 105
348 99
353 105
352 105
351 105
350 105
349 105
346 105
349 100
354 104
348 98
353 104
352 104
351 104
350 104
346 104
349 99
355 104
349 98
350 98
355 103
349 97
354 103
353 103
352 103
351 103
350 103
347 103
350 97
355 102
349 96
354 102
353 102
352 102
351 102
350 102
347 102
350 96
355 101
349 95
354 101
353 101
352 101
351 101
350 101
346 101
347 101
350 95
355 100
349 94
354 100
353 100
352 100
351 100
350 100
347 100
350 94
355 99
349 93
354 99
353 99
352 99
351 99
350 99
347 99
350 93
356 98
350 92
355 98
354 98
353 98
352 98
351 98
356 97
350 91
355 97
354 97
353 97
352 97
351 97
348 97
357 96
350 89
356 96
350 90
355 96
354 96
353 96
352 96
351 96
348 96
351 90
357 95
350 88
356 95
355 95
354 95
353 95
352 95
351 95
348 95
351 89
357 94
350 87
356 94
355 94
354 94
353 94
352 94
351 94
348 94
351 88
357 93
350 86
356 93
355 93
354 93
353 93
352 93
351 93
347 93
348 93
351 87
357 92
350 85
356 92
355 92
354 92
353 92
352 92
351 92
347 92
348 92
349 92
351 86
357 91
350 84
356 91
355 91
354 91
353 91
352 91
351 91
348 91
349 91
351 85
358 90
351 83
357 90
351 84
356 90
355 90
354 90
353 90
352 90
349 90
358 89
351 82
357 89
356 89
355 89
354 89
353 89
352 89
349 89
358 88
351 81
357 88
356 88
355 88
354 88
353 88
352 88
349 88
358 87
351 80
357 87
356 87
355 87
354 87
353 87
352 87
349 87
350 82
358 86
351 79
357 86
356 86
355 86
354 86
353 86
352 86
349 86
350 81
358 85
351 78
357 85
356 85
355 85
354 85
353 85
352 85
349 85
350 80
358 84
351 77
357 84
356 84
355 84
354 84
353 84
352 84
349 84
350 79
358 83
351 76
357 83
356 83
355 83
354 83
353 83
352 83
349 83
350 83
349 78
358 82
351 75
357 82
356 82
355 82
354 82
353 82
352 82
349 82
349 77
350 75
350 76
350 77
350 78
348 82
348 77
357 81
350 74
356 81
355 81
354 81
353 81
352 81
348 81
349 81
348 76
357 80
350 73
356 80
355 80
354 80
353 80
352 80
348 80
349 80
348 75
353 79
352 79
347 79
348 79
349 79
347 75
349 76
346 78
347 78
348 78
347 74
349 75
346 77
347 77
346 74
345 77
346 73
348 74
345 76
346 76
347 76
345 73
348 73
344 75
345 75
346 75
344 73
347 73
343 75
344 72
347 71
349 74
347 72
343 74
344 74
345 74
343 72
346 71
346 72
342 74
343 71
342 73
343 73
342 71
345 71
345 72
341 73
341 71
344 71
339 73
344 78
340 73
344 77
344 76
341 70
344 70
339 72
340 72
341 72
342 72
340 70
343 70
338 72
343 77
343 76
339 69
343 69
338 71
339 71
340 71
338 69
342 69
342 70
337 71
342 76
342 75
338 68
341 68
341 69
336 71
341 76
341 75
341 74
337 68
341 67
336 70
337 70
338 70
339 70
337 67
340 68
340 69
335 70
340 75
340 74
336 67
339 67
339 68
334 69
339 74
335 69
336 69
337 69
335 66
338 67
332 69
338 75
333 69
338 74
338 73
334 65
338 66
332 68
333 68
334 68
335 68
336 68
333 65
337 66
331 68
337 74
337 73
337 72
333 64
337 65
331 67
332 67
333 67
334 67
335 67
332 64
329 67
336 60
330 67
336 61
336 62
336 63
336 64
336 65
336 66
332 63
328 66
335 59
329 66
335 60
330 66
335 61
331 66
335 62
332 66
335 63
333 66
335 64
334 66
335 65
331 62
327 65
334 58
328 65
334 59
329 65
334 60
330 65
334 61
331 65
334 62
332 65
334 63
334 64
331 61
326 65
333 58
333 59
333 60
333 61
333 62
333 63
330 61
326 64
333 57
327 64
328 64
329 64
330 64
331 64
330 60
325 64
332 57
332 58
332 59
332 60
332 61
332 62
329 60
325 63
332 56
326 63
327 63
328 63
329 63
330 63
331 63
329 59
324 62
331 55
325 62
331 56
326 62
331 57
327 62
331 58
328 62
331 59
329 62
331 60
330 62
329 58
324 61
331 54
325 61
326 61
327 61
328 61
329 61
328 57
323 61
330 54
330 55
330 56
330 57
330 58
330 59
328 56
323 60
330 53
324 60
325 60
326 60
327 60
328 60
328 55
322 60
329 53
329 54
329 55
329 56
329 57
328 54
322 59
329 52
323 59
324 59
325 59
326 59
327 59
328 59
327 54
322 58
329 51
323 58
324 58
325 58
326 58
327 58
328 58
327 53
321 57
328 50
322 57
328 51
323 57
328 52
324 57
328 53
325 57
326 57
327 57
327 52
321 56
328 49
322 56
323 56
324 56
325 56
326 56
327 56
327 51
321 55
328 48
322 55
323 55
324 55
325 55
326 55
327 55
327 50
321 54
328 47
322 54
323 54
324 54
325 54
326 54
326 50
320 54
327 47
327 48
327 49
326 49
320 53
327 46
321 53
322 53
323 53
324 53
325 53
326 53
326 48
320 52
327 45
321 52
322 52
323 52
324 52
325 52
326 52
326 47
320 51
327 44
321 51
322 51
323 51
324 51
325 51
326 51
326 46
329 50
320 50
327 43
321 50
322 50
323 50
324 50
325 50
326 45
319 50
326 43
326 44
319 49
326 42
320 49
321 49
322 49
323 49
324 49
325 49
325 44
319 48
326 41
320 48
321 48
322 48
323 48
324 48
325 48
325 43
319 47
326 40
320 47
321 47
322 47
323 47
324 47
325 47
325 42
328 46
319 46
326 39
320 46
321 46
322 46
323 46
324 46
325 46
325 41
328 45
319 45
326 38
320 45
321 45
322 45
323 45
324 45
325 45
325 40
328 44
319 44
326 37
320 44
321 44
322 44
323 44
324 44
325 39
318 44
325 37
325 38
318 43
325 36
319 43
320 43
321 43
322 43
323 43
324 43
327 42
318 42
325 35
319 42
320 42
321 42
322 42
323 42
324 42
327 41
318 41
325 34
319 41
320 41
321 41
322 41
323 41
324 41
327 40
318 40
325 33
319 40
320 40
321 40
322 40
323 40
324 40
327 39
318 39
325 32
319 39
320 39
321 39
322 39
323 39
324 39
327 38
318 38
325 31
319 38
320 38
321 38
322 38
323 38
324 38
327 37
318 37
325 30
319 37
320 37
321 37
322 37
323 37
324 37
327 36
326 36
318 36
325 29
319 36
320 36
321 36
322 36
323 36
324 36
327 35
326 35
318 35
325 28
319 35
320 35
321 35
322 35
323 35
324 35
327 34
326 34
318 34
325 27
319 34
320 34
321 34
322 34
323 34
324 34
327 33
326 33
318 33
325 26
319 33
320 33
321 33
322 33
323 33
324 33
327 32
326 32
318 32
325 25
319 32
320 32
321 32
322 32
323 32
324 32
327 31
326 31
318 31
325 24
319 31
320 31
321 31
322 31
323 31
324 31
327 30
326 30
318 30
325 23
319 30
320 30
321 30
322 30
323 30
324 30
327 29
326 29
318 29
325 22
319 29
320 29
321 29
322 29
323 29
324 29
327 28
326 28
318 28
325 21
319 28
320 28
321 28
322 28
323 28
324 28
327 27
326 27
318 27
325 20
319 27
320 27
321 27
322 27
323 27
324 27
327 26
326 26
318 26
325 19
319 26
320 26
321 26
322 26
323 26
324 26
327 25
326 25
318 25
325 18
319 25
320 25
321 25
322 25
323 25
324 25
327 24
326 24
318 24
325 17
319 24
320 24
321 24
322 24
323 24
324 24
327 23
326 23
318 23
325 16
319 23
320 23
321 23
322 23
323 23
324 23
326 18
327 22
326 22
318 22
325 15
319 22
320 22
321 22
322 22
323 22
324 22
326 17
327 21
326 21
318 21
325 14
319 21
320 21
321 21
322 21
323 21
324 21
326 16
327 20
326 20
318 20
325 13
319 20
320 20
321 20
322 20
323 20
324 20
326 15
327 19
326 19
318 19
325 12
319 19
320 19
321 19
322 19
323 19
324 19
326 14
327 18
318 18
325 11
319 18
320 18
321 18
322 18
323 18
324 18
327 14
328 18
326 11
326 12
326 13
327 13
328 17
327 17
319 17
326 10
320 17
321 17
322 17
323 17
324 17
327 12
328 16
327 16
319 16
326 9
320 16
321 16
322 16
323 16
324 16
327 11
328 15
327 15
319 15
326 8
320 15
321 15
322 15
323 15
324 15
328 11
328 14
319 14
326 7
320 14
321 14
322 14
323 14
324 14
328 10
330 14
329 14
327 7
327 8
327 9
327 10
328 9
331 13
330 13
329 13
328 13
320 13
327 6
321 13
322 13
323 13
324 13
329 9
331 12
330 12
329 12
328 12
320 12
327 5
321 12
322 12
323 12
324 12
329 8
331 11
330 11
329 11
320 11
327 4
321 11
322 11
323 11
324 11
329 7
332 11
328 4
328 5
328 6
328 7
328 8
330 7
332 10
331 10
330 10
329 10
321 10
328 3
322 10
323 10
324 10
325 10
330 6
332 9
331 9
330 9
321 9
328 2
322 9
323 9
324 9
325 9
331 6
333 9
329 2
329 3
329 4
329 5
329 6
331 5
333 8
332 8
331 8
330 8
322 8
329 1
323 8
324 8
325 8
332 4
333 7
332 7
331 7
322 7
329 0
323 7
324 7
325 7
332 3
335 7
334 7
330 0
330 1
330 2
330 3
330 4
330 5
333 3
335 6
334 6
333 6
332 6
323 6
324 6
325 6
326 6
333 2
336 6
331 0
331 1
331 2
331 3
331 4
334 2
336 5
335 5
334 5
333 5
332 5
324 5
325 5
326 5
334 1
337 4
336 4
335 4
334 4
333 4
325 4
326 4
332 0
332 1
332 2
335 1
338 3
337 3
336 3
335 3
334 3
325 3
326 3
327 3
335 0
340 3
333 10
339 3
333 0
333 1
336 0
340 2
339 2
338 2
337 2
336 2
335 2
326 2
327 2
341 2
334 9
334 8
334 0
341 1
340 1
339 1
338 1
337 1
336 1
327 1
328 1
342 1
335 8
342 0
341 0
340 0
339 0
338 0
337 0
328 0
343 0
336 7
337 6
337 5
338 5
338 4
339 4
