a
136
139
101
135
153
172
127
101
158
103
117
167
106
152
170
163
132
108
119
162
120
158
144
169
115
163
127
155
147
169
158
126
155
150
163
107
116
116
120
-2147483648
121
141
70
118
145
79
118
129
168
144
142
135
124
135
167
117
144
109
119
160
166
154
121
155
139
130
102
143
84
173
d
-1
1
-1
1
1
1
-1
1
-1
1
-1
-1
1
-1
1
-1
1
-1
1
-1
-1
1
-1
1
1
-1
-1
1
-1
-1
-1
1
1
1
1
-1
-1
-1
-1
0
1
1
-1
1
1
-1
1
-1
1
1
1
-1
1
-1
-1
1
-1
1
1
-1
1
-1
1
-1
-1
1
-1
1
1
-1
l
18
14
1
61
41
11
1
64
81
64
77
32
26
45
23
21
4
19
41
14
3
47
12
23
1
59
18
9
31
32
5
8
10
18
21
51
14
95
8
1
49
26
23
27
36
43
49
60
18
11
44
40
47
62
55
5
37
80
37
26
24
6
69
10
50
27
75
99
38
82
2
inc
6
8
0
46
33
17
3
10
29
95
20
35
17
45
27
32
6
27
36
14
3
7
2
28
1
13
13
7
28
17
1
1
2
6
19
60
5
145
6
1
38
1
1
22
42
53
13
22
19
10
4
4
17
36
11
1
62
85
4
25
37
10
118
3
14
14
10
19
60
16
w
0
0
0
0
0
0
0
0
0
0
0
0
0
0
0
0
0
0
0
0
0
0
0
0
0
0
0
0
0
0
0
0
0
0
0
0
0
0
0
0
1
0
0
1
3
3
4
4
4
4
4
4
4
5
5
5
6
7
7
7
8
9
9
9
9
9
9
9
9
9
9
10
10
10
10
11
11
11
12
12
11
11
11
12
11
11
11
11
11
11
11
11
11
11
9
9
9
10
9
9
9
9
9
9
9
9
9
9
9
9
9
9
9
9
9
9
9
4
5
6
7
7
7
7
7
8
9
9
9
9
9
9
8
8
8
8
7
8
7
7
7
7
7
7
7
6
7
7
7
6
7
7
7
6
7
6
7
7
6
6
6
6
6
6
7
5
3
2
1
0
0
0
0
0
0
0
0
0
0
0
0
0
1
2
3
3
3
3
3
3
3
3
5
4
4
4
4
5
5
5
6
6
6
6
6
6
7
7
8
8
8
9
9
9
9
9
9
9
9
9
9
9
9
9
9
9
9
9
9
9
9
9
9
9
9
9
9
9
9
9
9
8
8
8
8
8
8
8
7
7
5
6
7
7
7
7
7
8
7
8
6
6
7
8
7
7
7
7
7
6
6
6
7
6
6
6
6
6
7
6
6
5
6
6
6
6
6
7
7
7
7
7
7
6
6
6
6
6
6
7
7
8
8
7
7
7
7
7
7
7
7
7
6
6
6
6
6
8
9
10
9
9
9
9
9
9
9
9
9
9
9
9
9
9
9
9
9
9
9
9
10
9
10
9
9
9
9
9
9
9
9
8
9
8
8
7
7
7
7
7
8
7
7
7
7
7
6
6
6
6
6
6
6
6
6
6
6
6
5
6
6
5
5
6
6
5
6
6
6
6
5
5
5
5
6
6
5
5
5
5
5
5
6
6
5
5
5
5
5
5
5
5
5
6
6
5
5
5
5
5
5
5
5
5
5
4
4
5
5
5
5
5
4
4
4
4
4
4
4
4
4
4
4
4
4
4
4
4
4
4
4
4
4
4
4
4
4
4
4
4
4
4
4
4
4
4
4
4
4
4
5
4
4
5
5
4
5
5
5
4
5
5
5
4
4
4
4
4
4
4
4
4
4
4
4
4
4
4
4
4
4
4
4
4
4
4
4
4
4
4
4
4
4
4
4
4
4
2
1
0
0
0
0
0
0
0
0
0
1
2
3
4
4
5
5
5
6
6
6
6
6
7
6
6
6
6
7
8
7
8
7
8
7
7
8
7
7
7
7
7
7
8
8
8
9
9
9
9
9
9
9
7
5
4
3
2
1
0
0
0
0
0
0
0
0
0
0
0
0
0
0
0
0
0
0
0
0
0
0
0
0
0
0
0
0
0
0
0
0
0
0
0
0
0
0
0
0
0
0
0
0
0
0
0
0
0
0
0
0
0
0
0
0
0
0
0
0
0
0
0
0
0
0
0
0
0
0
0
0
0
0
0
0
0
0
0
0
0
0
0
0
0
0
0
0
0
0
0
0
0
0
0
0
0
0
0
0
0
0
0
0
0
0
0
0
0
0
0
0
0
0
0
0
0
0
0
0
0
0
0
0
0
0
0
0
0
0
0
0
0
0
0
0
0
0
0
2
2
4
6
8
6
4
2
0
0
0
0
0
0
0
0
0
0
0
0
0
0
0
0
0
0
0
0
0
0
0
0
0
0
0
0
0
0
0
0
0
0
0
0
0
0
0
0
0
0
0
0
0
0
0
0
0
0
0
0
0
0
0
0
0
0
0
0
0
0
0
0
0
0
0
0
0
0
0
0
0
0
1
1
1
3
3
3
3
3
4
5
6
6
6
7
7
7
7
7
7
9
7
5
3
1
1
1
1
1
1
0
0
0
0
0
0
0
0
0
0
0
0
0
0
0
0
0
0
0
0
0
0
0
0
0
0
0
0
0
0
0
0
0
0
0
0
0
0
0
0
0
0
0
0
0
0
0
0
0
0
0
0
0
0
0
0
0
0
0
0
0
0
0
0
0
0
0
0
0
0
0
0
1
2
2
2
2
3
3
3
4
5
5
5
6
7
7
7
7
7
8
8
8
9
9
9
9
9
9
9
9
9
9
4
4
4
4
4
2
0
0
0
0
0
0
0
0
0
0
0
0
0
0
0
0
0
0
0
0
0
0
0
0
0
0
0
0
0
0
0
0
0
0
0
0
0
0
0
0
0
0
0
0
0
0
0
0
0
0
0
0
0
0
0
0
0
0
0
0
0
0
0
0
0
1
0
1
1
1
1
1
0
0
0
0
0
0
0
0
0
0
0
0
0
1
1
1
1
1
1
1
2
2
2
2
2
3
3
3
1
0
0
0
0
0
0
0
0
0
0
0
0
0
0
0
0
0
0
0
0
0
0
0
0
0
0
0
0
0
0
0
0
0
0
0
0
0
0
0
0
0
0
0
0
0
0
0
0
0
0
0
0
0
0
0
0
0
0
0
0
0
0
0
0
0
0
0
0
0
0
0
0
0
0
0
1
0
0
0
0
0
0
0
0
0
0
0
0
0
1
0
0
0
0
0
0
0
0
0
0
0
0
0
0
0
0
0
0
0
0
0
0
0
0
0
0
0
0
0
0
0
0
0
0
0
0
0
1
2
2
2
2
2
3
3
3
4
4
5
6
6
6
7
7
7
8
8
8
7
7
7
7
7
5
3
1
0
0
0
0
0
0
0
0
0
0
0
0
0
0
0
0
0
0
0
0
0
0
0
0
0
0
0
0
0
0
0
0
0
0
0
0
0
0
0
0
0
0
0
0
0
0
0
0
0
0
0
0
0
0
0
0
0
0
0
0
0
0
0
0
0
0
0
0
0
0
0
0
0
0
0
0
0
2
4
4
5
6
7
7
8
7
7
7
7
7
8
8
9
10
10
10
10
9
9
9
10
10
9
9
9
10
10
9
9
9
9
9
9
9
9
9
9
9
9
9
9
9
7
7
7
7
7
7
7
7
7
7
7
6
7
6
6
6
6
7
6
6
7
6
6
6
6
6
6
6
6
7
6
6
6
6
6
6
6
6
6
6
6
6
6
6
6
6
6
6
6
6
6
6
6
6
6
6
6
6
6
6
6
6
6
6
6
6
6
6
6
4
6
4
4
4
5
5
5
5
5
5
5
5
5
5
5
5
5
5
5
5
5
5
5
5
5
5
5
5
5
5
5
5
6
7
7
8
8
8
8
8
8
8
8
8
8
8
8
8
8
8
8
8
8
8
8
8
8
8
8
8
8
6
4
3
2
2
1
2
2
2
2
2
2
2
4
4
4
4
4
4
4
4
4
4
4
4
3
3
3
3
3
3
3
3
3
3
3
3
1
2
2
2
2
2
4
5
4
5
5
5
5
6
7
7
7
7
7
7
6
6
7
7
7
7
7
7
7
7
7
7
7
8
10
10
8
8
8
9
9
10
10
10
9
9
9
9
9
10
10
10
10
10
10
10
10
10
10
10
10
10
10
10
10
10
10
10
10
10
6
6
6
6
7
8
8
8
8
7
8
8
8
8
8
8
8
9
9
8
8
8
8
8
8
7
8
8
8
8
7
8
8
8
8
10
9
9
9
10
9
9
9
9
9
6
4
3
2
1
0
0
0
0
0
0
0
0
0
0
0
0
0
0
0
0
0
0
0
0
0
0
0
0
0
0
0
0
0
0
0
0
0
0
0
0
0
0
0
0
0
0
0
0
0
0
0
0
0
0
2
2
2
0
0
0
0
0
0
0
0
0
0
0
0
0
0
0
0
0
0
0
0
0
0
0
0
0
0
0
0
0
0
0
0
0
0
0
0
0
0
0
0
0
0
0
0
0
0
0
0
0
0
0
0
0
0
0
0
0
0
0
0
0
0
0
2
3
4
4
4
4
4
5
5
6
6
6
7
6
6
6
7
8
8
9
10
9
9
7
7
7
7
7
7
8
8
8
8
8
8
8
8
8
8
8
8
8
9
8
8
8
8
9
9
9
10
10
9
9
9
9
9
9
9
9
9
9
9
9
9
6
5
5
5
5
6
6
7
7
6
6
7
7
7
7
7
8
8
7
7
8
8
8
8
9
9
9
9
9
9
9
9
9
9
9
9
9
9
9
9
9
9
9
9
9
9
9
9
9
9
9
9
9
9
9
9
9
9
9
9
9
9
9
9
9
9
9
9
9
9
9
9
9
9
9
9
9
9
9
9
9
9
9
9
9
9
10
11
11
11
11
11
11
11
11
11
12
12
12
12
12
13
14
14
14
14
14
14
14
14
14
14
14
14
14
14
14
14
14
14
14
14
14
14
14
14
14
14
14
14
14
14
14
14
14
14
14
14
14
14
14
13
13
11
9
7
5
3
1
0
0
0
0
0
0
0
0
0
0
0
0
0
0
0
0
0
0
0
0
0
0
0
0
0
0
0
0
0
0
0
0
0
0
0
0
0
0
0
0
0
0
0
0
0
0
0
1
1
3
3
3
3
3
3
3
3
3
3
3
3
3
3
3
3
3
3
3
3
3
3
3
3
3
3
3
3
3
3
3
4
4
4
4
4
5
4
4
4
4
4
4
4
4
4
4
4
4
4
4
4
4
4
4
4
4
4
4
4
4
4
4
4
4
4
4
4
4
2
0
0
0
0
0
2
3
3
3
3
4
4
5
6
6
6
6
6
6
6
6
6
6
6
6
6
6
6
6
6
6
6
6
6
6
6
6
6
6
6
6
6
6
6
6
6
6
6
6
6
6
6
6
6
6
6
6
6
6
6
6
7
7
7
5
5
5
5
5
3
1
1
1
0
0
0
0
0
0
0
0
0
0
0
0
0
0
0
0
0
0
0
0
0
0
0
0
0
0
0
0
0
0
0
0
0
0
0
0
0
0
0
0
0
0
0
0
0
0
0
0
0
0
0
0
0
0
0
0
0
0
0
0
0
0
0
0
0
0
0
0
0
0
0
0
0
0
0
0
0
0
0
0
0
0
0
0
0
0
0
0
0
0
0
0
0
0
0
0
0
0
0
0
0
0
0
0
0
0
0
0
0
0
0
0
0
0
0
0
0
0
0
0
0
0
0
0
0
0
0
0
0
0
0
0
0
0
0
0
0
0
0
1
2
3
5
5
5
6
6
7
7
7
7
7
7
7
7
7
7
7
7
7
7
7
7
7
7
7
7
7
7
7
7
7
7
7
7
7
7
7
7
7
7
7
7
7
7
8
6
6
4
3
2
1
0
0
0
0
0
0
0
0
0
0
0
0
0
0
0
0
0
0
0
0
0
0
0
0
0
0
0
0
0
0
0
0
0
0
0
0
0
0
0
0
0
0
2
2
2
2
2
2
2
2
2
2
2
2
2
2
0
0
0
2
3
3
3
3
4
4
5
5
5
5
5
5
6
5
5
5
5
5
5
5
5
5
5
5
5
5
5
5
5
5
5
5
5
5
5
5
5
5
5
5
5
5
5
5
5
6
6
6
5
5
6
6
6
6
6
6
6
6
6
6
6
6
6
6
6
6
6
6
6
6
6
6
6
6
6
6
6
6
6
6
6
6
4
2
1
0
0
0
0
0
0
0
0
0
0
0
2
2
2
2
2
0
1
2
2
3
4
4
4
4
4
4
4
4
4
4
4
4
4
4
4
4
4
4
4
4
4
4
4
4
4
4
4
5
6
6
8
9
9
10
10
9
9
9
9
9
9
9
9
9
9
9
9
9
9
9
9
8
8
6
4
2
1
0
0
0
0
0
0
0
0
0
0
0
0
0
0
0
2
2
2
2
2
2
2
2
2
2
2
2
2
2
2
2
0
0
0
1
2
2
3
3
3
3
3
3
3
3
3
3
3
3
3
3
3
3
3
3
3
3
3
3
3
3
3
3
3
3
3
3
3
3
3
3
3
3
4
5
5
5
6
6
6
6
7
7
7
8
8
8
7
7
7
7
7
7
7
7
7
7
6
6
6
6
6
6
6
6
6
6
6
6
6
6
4
2
1
0
0
0
2
3
3
3
3
3
3
3
3
3
3
3
3
3
4
6
6
6
6
6
7
7
8
8
8
8
8
8
8
8
8
8
8
8
8
8
8
8
8
8
8
8
8
8
8
8
8
8
8
8
8
8
9
10
11
11
11
11
12
12
12
10
9
9
9
9
9
9
9
8
8
8
8
8
7
7
7
7
7
7
7
7
7
7
7
7
5
3
1
0
0
0
0
0
0
0
0
0
0
0
0
0
0
0
0
1
2
2
2
2
2
2
2
2
2
2
2
2
2
2
2
2
2
2
2
2
2
2
2
2
3
4
5
5
5
5
5
5
5
5
5
5
5
5
5
5
5
5
3
2
1
1
2
2
3
3
3
3
3
3
3
3
3
3
3
3
3
3
3
3
3
3
3
3
3
3
3
3
3
3
3
3
3
3
3
3
3
3
3
3
3
3
3
3
3
3
3
4
3
3
3
3
3
3
3
3
3
3
3
3
3
3
3
3
3
3
3
3
3
3
3
3
3
3
3
3
3
3
3
3
3
3
3
3
3
3
1
0
0
0
0
0
0
0
0
0
0
0
0
0
0
0
0
c
0
0
0
0
0
11
7
9
9
4
6
10
5
5
5
4
4
4
4
2
9
0
0
0
0
0
0
0
8
0
0
0
0
0
3
1
0
0
0
0
0
0
2
0
0
0
0
2
0
4
10
9
6
6
7
4
10
9
10
0
0
0
0
0
9
6
9
9
14
4
0
1
